824 shall	0.6931471805599453	1.598144001511486	-1.2641772033664764	0.0	0.002253944402704733
823 inclusive	0.6931471805599453	0.5321918853577666	-0.7295148287442598	0.0	7.513148009015778E-4
820 to	0.6931471805599453	0.5321918853577666	-0.7295148287442598	0.0	7.513148009015778E-4
820 to 823	0.6931471805599453	0.5321918853577666	-0.7295148287442598	0.0	7.513148009015778E-4
820	0.6931471805599453	1.0649062958852513	-1.0319429712369046	0.0	0.0015026296018031556
823	0.6931471805599453	0.5321918853577666	-0.7295148287442598	0.0	7.513148009015778E-4
826 shall apply	0.6931471805599453	0.5321918853577666	-0.7295148287442598	0.0	7.513148009015778E-4
823 inclusive the	0.6931471805599453	0.5321918853577666	-0.7295148287442598	0.0	7.513148009015778E-4
824	0.6931471805599453	1.598144001511486	-1.2641772033664764	0.0	0.002253944402704733
826 shall	0.6931471805599453	0.5321918853577666	-0.7295148287442598	0.0	7.513148009015778E-4
826	0.6931471805599453	0.5321918853577666	-0.7295148287442598	0.0	7.513148009015778E-4
824 shall apply	0.6931471805599453	1.598144001511486	-1.2641772033664764	0.0	0.002253944402704733
