832 shall apply	0.6931471805599453	1.598144001511486	-1.2641772033664764	0.0	0.002253944402704733
834-2	0.6931471805599453	0.5321918853577666	-0.7295148287442598	0.0	7.513148009015778E-4
830 shall apply	0.6931471805599453	0.5321918853577666	-0.7295148287442598	0.0	7.513148009015778E-4
830	0.6931471805599453	0.5321918853577666	-0.7295148287442598	0.0	7.513148009015778E-4
832	0.6931471805599453	1.598144001511486	-1.2641772033664764	0.0	0.002253944402704733
834-2 or the	0.6931471805599453	0.5321918853577666	-0.7295148287442598	0.0	7.513148009015778E-4
834-2 or	0.6931471805599453	0.5321918853577666	-0.7295148287442598	0.0	7.513148009015778E-4
834 paragraph	0.6931471805599453	0.5321918853577666	-0.7295148287442598	0.0	7.513148009015778E-4
834	0.6931471805599453	0.5321918853577666	-0.7295148287442598	0.0	7.513148009015778E-4
834 paragraph 1	0.6931471805599453	0.5321918853577666	-0.7295148287442598	0.0	7.513148009015778E-4
830 shall	0.6931471805599453	0.5321918853577666	-0.7295148287442598	0.0	7.513148009015778E-4
832 shall	0.6931471805599453	1.598144001511486	-1.2641772033664764	0.0	0.002253944402704733
