843 article 859-2	0.6931471805599453	0.5321918853577666	-0.7295148287442598	0.0	7.513148009015778E-4
843 article 844	0.6931471805599453	1.0649062958852513	-1.0319429712369046	0.0	0.0015026296018031556
844 article 846	0.6931471805599453	1.598144001511486	-1.2641772033664764	0.0	0.002253944402704733
840 and article	0.6931471805599453	0.5321918853577666	-0.7295148287442598	0.0	7.513148009015778E-4
840 and	0.6931471805599453	0.5321918853577666	-0.7295148287442598	0.0	7.513148009015778E-4
844 to	0.6931471805599453	1.0649062958852513	-1.0319429712369046	0.0	0.0015026296018031556
844 to 847	0.6931471805599453	1.0649062958852513	-1.0319429712369046	0.0	0.0015026296018031556
843 and from	0.6931471805599453	1.0649062958852513	-1.0319429712369046	0.0	0.0015026296018031556
847 inclusive shall	0.6931471805599453	1.0649062958852513	-1.0319429712369046	0.0	0.0015026296018031556
846 article	0.6931471805599453	1.598144001511486	-1.2641772033664764	0.0	0.002253944402704733
847 article 850	0.6931471805599453	1.0649062958852513	-1.0319429712369046	0.0	0.0015026296018031556
847 paragraph 2	0.6931471805599453	0.5321918853577666	-0.7295148287442598	0.0	7.513148009015778E-4
840	0.6931471805599453	0.5321918853577666	-0.7295148287442598	0.0	7.513148009015778E-4
847 article	0.6931471805599453	1.0649062958852513	-1.0319429712369046	0.0	0.0015026296018031556
847 paragraph	0.6931471805599453	0.5321918853577666	-0.7295148287442598	0.0	7.513148009015778E-4
843	0.6931471805599453	2.6661923853469234	-1.6328479369944169	0.0	0.003756574004507889
844	0.6931471805599453	2.6661923853469234	-1.6328479369944169	0.0	0.003756574004507889
843 and	0.6931471805599453	1.0649062958852513	-1.0319429712369046	0.0	0.0015026296018031556
844 article	0.6931471805599453	1.598144001511486	-1.2641772033664764	0.0	0.002253944402704733
847 inclusive	0.6931471805599453	1.0649062958852513	-1.0319429712369046	0.0	0.0015026296018031556
846	0.6931471805599453	1.598144001511486	-1.2641772033664764	0.0	0.002253944402704733
846 article 847	0.6931471805599453	1.598144001511486	-1.2641772033664764	0.0	0.002253944402704733
847	0.6931471805599453	2.6661923853469234	-1.6328479369944169	0.0	0.003756574004507889
843 article	0.6931471805599453	1.598144001511486	-1.2641772033664764	0.0	0.002253944402704733
