850 article 851	0.6931471805599453	1.0649062958852513	-1.0319429712369046	0.0	0.0015026296018031556
853 to 857	0.6931471805599453	0.5321918853577666	-0.7295148287442598	0.0	7.513148009015778E-4
859-3 shall	0.6931471805599453	0.5321918853577666	-0.7295148287442598	0.0	7.513148009015778E-4
859-3 paragraph 2	0.6931471805599453	2.1319057736788767	-1.4601047132582226	0.0	0.003005259203606311
859-2 and	0.6931471805599453	0.5321918853577666	-0.7295148287442598	0.0	7.513148009015778E-4
857-2	0.6931471805599453	0.5321918853577666	-0.7295148287442598	0.0	7.513148009015778E-4
857 inclusive and	0.6931471805599453	0.5321918853577666	-0.7295148287442598	0.0	7.513148009015778E-4
850	0.6931471805599453	1.0649062958852513	-1.0319429712369046	0.0	0.0015026296018031556
851	0.6931471805599453	1.0649062958852513	-1.0319429712369046	0.0	0.0015026296018031556
853 to	0.6931471805599453	0.5321918853577666	-0.7295148287442598	0.0	7.513148009015778E-4
859-3 shall apply	0.6931471805599453	0.5321918853577666	-0.7295148287442598	0.0	7.513148009015778E-4
853	0.6931471805599453	0.5321918853577666	-0.7295148287442598	0.0	7.513148009015778E-4
857-2 shall	0.6931471805599453	0.5321918853577666	-0.7295148287442598	0.0	7.513148009015778E-4
857-2 shall apply	0.6931471805599453	0.5321918853577666	-0.7295148287442598	0.0	7.513148009015778E-4
857	0.6931471805599453	0.5321918853577666	-0.7295148287442598	0.0	7.513148009015778E-4
859-2 and article	0.6931471805599453	0.5321918853577666	-0.7295148287442598	0.0	7.513148009015778E-4
859-2 article 859-3	0.6931471805599453	2.1319057736788767	-1.4601047132582226	0.0	0.003005259203606311
851 article 859-2	0.6931471805599453	1.0649062958852513	-1.0319429712369046	0.0	0.0015026296018031556
850 article	0.6931471805599453	1.0649062958852513	-1.0319429712369046	0.0	0.0015026296018031556
851 shall	0.6931471805599453	1.0649062958852513	-1.0319429712369046	0.0	0.0015026296018031556
857 inclusive	0.6931471805599453	0.5321918853577666	-0.7295148287442598	0.0	7.513148009015778E-4
851 shall be	0.6931471805599453	1.0649062958852513	-1.0319429712369046	0.0	0.0015026296018031556
859-3	0.6931471805599453	2.6661923853469234	-1.6328479369944169	0.0	0.003756574004507889
859-3 paragraph	0.6931471805599453	2.1319057736788767	-1.4601047132582226	0.0	0.003005259203606311
859-2	0.6931471805599453	2.6661923853469234	-1.6328479369944169	0.0	0.003756574004507889
859-2 article	0.6931471805599453	2.1319057736788767	-1.4601047132582226	0.0	0.003005259203606311
851 article	0.6931471805599453	1.0649062958852513	-1.0319429712369046	0.0	0.0015026296018031556
