861 and article	0.6931471805599453	1.598144001511486	-1.2641772033664764	0.0	0.002253944402704733
861 article 862	0.6931471805599453	1.0649062958852513	-1.0319429712369046	0.0	0.0015026296018031556
862 and article	0.6931471805599453	0.5321918853577666	-0.7295148287442598	0.0	7.513148009015778E-4
866 inclusive shall	0.6931471805599453	0.5321918853577666	-0.7295148287442598	0.0	7.513148009015778E-4
862 article	0.6931471805599453	0.5321918853577666	-0.7295148287442598	0.0	7.513148009015778E-4
863 and	0.6931471805599453	0.5321918853577666	-0.7295148287442598	0.0	7.513148009015778E-4
862 shall	0.6931471805599453	1.598144001511486	-1.2641772033664764	0.0	0.002253944402704733
861 and	0.6931471805599453	1.598144001511486	-1.2641772033664764	0.0	0.002253944402704733
863 and paragraph	0.6931471805599453	0.5321918853577666	-0.7295148287442598	0.0	7.513148009015778E-4
863 shall apply	0.6931471805599453	0.5321918853577666	-0.7295148287442598	0.0	7.513148009015778E-4
861	0.6931471805599453	3.2010046109959522	-1.7891351572745844	0.0	0.004507888805409466
862 shall apply	0.6931471805599453	1.598144001511486	-1.2641772033664764	0.0	0.002253944402704733
862	0.6931471805599453	2.6661923853469234	-1.6328479369944169	0.0	0.003756574004507889
863 shall	0.6931471805599453	0.5321918853577666	-0.7295148287442598	0.0	7.513148009015778E-4
861 article	0.6931471805599453	1.0649062958852513	-1.0319429712369046	0.0	0.0015026296018031556
863	0.6931471805599453	1.0649062958852513	-1.0319429712369046	0.0	0.0015026296018031556
861 to	0.6931471805599453	0.5321918853577666	-0.7295148287442598	0.0	7.513148009015778E-4
862 and	0.6931471805599453	0.5321918853577666	-0.7295148287442598	0.0	7.513148009015778E-4
866	0.6931471805599453	0.5321918853577666	-0.7295148287442598	0.0	7.513148009015778E-4
861 to 866	0.6931471805599453	0.5321918853577666	-0.7295148287442598	0.0	7.513148009015778E-4
862 article 863	0.6931471805599453	0.5321918853577666	-0.7295148287442598	0.0	7.513148009015778E-4
866 inclusive	0.6931471805599453	0.5321918853577666	-0.7295148287442598	0.0	7.513148009015778E-4
