870 article 871	0.6931471805599453	1.0649062958852513	-1.0319429712369046	0.0	0.0015026296018031556
871 and article	0.6931471805599453	1.0649062958852513	-1.0319429712369046	0.0	0.0015026296018031556
876-4 shall apply	0.6931471805599453	0.5321918853577666	-0.7295148287442598	0.0	7.513148009015778E-4
870 article	0.6931471805599453	1.0649062958852513	-1.0319429712369046	0.0	0.0015026296018031556
876-5 shall apply	0.6931471805599453	0.5321918853577666	-0.7295148287442598	0.0	7.513148009015778E-4
872 the	0.6931471805599453	0.5321918853577666	-0.7295148287442598	0.0	7.513148009015778E-4
876-9	0.6931471805599453	1.0649062958852513	-1.0319429712369046	0.0	0.0015026296018031556
876-9 are to	0.6931471805599453	0.5321918853577666	-0.7295148287442598	0.0	7.513148009015778E-4
876-4	0.6931471805599453	0.5321918853577666	-0.7295148287442598	0.0	7.513148009015778E-4
870	0.6931471805599453	1.0649062958852513	-1.0319429712369046	0.0	0.0015026296018031556
876-5	0.6931471805599453	0.5321918853577666	-0.7295148287442598	0.0	7.513148009015778E-4
876-9 are	0.6931471805599453	0.5321918853577666	-0.7295148287442598	0.0	7.513148009015778E-4
871	0.6931471805599453	1.0649062958852513	-1.0319429712369046	0.0	0.0015026296018031556
872	0.6931471805599453	0.5321918853577666	-0.7295148287442598	0.0	7.513148009015778E-4
871 and	0.6931471805599453	1.0649062958852513	-1.0319429712369046	0.0	0.0015026296018031556
873	0.6931471805599453	1.0649062958852513	-1.0319429712369046	0.0	0.0015026296018031556
872 the period	0.6931471805599453	0.5321918853577666	-0.7295148287442598	0.0	7.513148009015778E-4
873 shall apply	0.6931471805599453	1.0649062958852513	-1.0319429712369046	0.0	0.0015026296018031556
876-5 shall	0.6931471805599453	0.5321918853577666	-0.7295148287442598	0.0	7.513148009015778E-4
873 shall	0.6931471805599453	1.0649062958852513	-1.0319429712369046	0.0	0.0015026296018031556
876-4 shall	0.6931471805599453	0.5321918853577666	-0.7295148287442598	0.0	7.513148009015778E-4
