887 article	0.6931471805599453	0.5321918853577666	-0.7295148287442598	0.0	7.513148009015778E-4
886 and article	0.6931471805599453	0.5321918853577666	-0.7295148287442598	0.0	7.513148009015778E-4
887 the	0.6931471805599453	0.5321918853577666	-0.7295148287442598	0.0	7.513148009015778E-4
887 or the	0.6931471805599453	0.5321918853577666	-0.7295148287442598	0.0	7.513148009015778E-4
887 article 900	0.6931471805599453	0.5321918853577666	-0.7295148287442598	0.0	7.513148009015778E-4
887 shall be	0.6931471805599453	0.5321918853577666	-0.7295148287442598	0.0	7.513148009015778E-4
887 or	0.6931471805599453	0.5321918853577666	-0.7295148287442598	0.0	7.513148009015778E-4
887 shall	0.6931471805599453	1.0649062958852513	-1.0319429712369046	0.0	0.0015026296018031556
887 shall apply	0.6931471805599453	0.5321918853577666	-0.7295148287442598	0.0	7.513148009015778E-4
886	0.6931471805599453	0.5321918853577666	-0.7295148287442598	0.0	7.513148009015778E-4
887	0.6931471805599453	2.6661923853469234	-1.6328479369944169	0.0	0.003756574004507889
886 and	0.6931471805599453	0.5321918853577666	-0.7295148287442598	0.0	7.513148009015778E-4
889	0.6931471805599453	0.5321918853577666	-0.7295148287442598	0.0	7.513148009015778E-4
887 the following	0.6931471805599453	0.5321918853577666	-0.7295148287442598	0.0	7.513148009015778E-4
