907	0.6931471805599453	0.5321918853577666	-0.7295148287442598	0.0	7.513148009015778E-4
907 or	0.6931471805599453	0.5321918853577666	-0.7295148287442598	0.0	7.513148009015778E-4
902 inclusive	0.6931471805599453	0.5321918853577666	-0.7295148287442598	0.0	7.513148009015778E-4
903 and article	0.6931471805599453	0.5321918853577666	-0.7295148287442598	0.0	7.513148009015778E-4
900 article 901	0.6931471805599453	0.5321918853577666	-0.7295148287442598	0.0	7.513148009015778E-4
901 article 903	0.6931471805599453	0.5321918853577666	-0.7295148287442598	0.0	7.513148009015778E-4
900 article	0.6931471805599453	0.5321918853577666	-0.7295148287442598	0.0	7.513148009015778E-4
904 shall	0.6931471805599453	0.5321918853577666	-0.7295148287442598	0.0	7.513148009015778E-4
900 to 902	0.6931471805599453	0.5321918853577666	-0.7295148287442598	0.0	7.513148009015778E-4
907 or in	0.6931471805599453	0.5321918853577666	-0.7295148287442598	0.0	7.513148009015778E-4
901 article	0.6931471805599453	0.5321918853577666	-0.7295148287442598	0.0	7.513148009015778E-4
900	0.6931471805599453	1.0649062958852513	-1.0319429712369046	0.0	0.0015026296018031556
903 and	0.6931471805599453	0.5321918853577666	-0.7295148287442598	0.0	7.513148009015778E-4
901	0.6931471805599453	0.5321918853577666	-0.7295148287442598	0.0	7.513148009015778E-4
902	0.6931471805599453	0.5321918853577666	-0.7295148287442598	0.0	7.513148009015778E-4
900 to	0.6931471805599453	0.5321918853577666	-0.7295148287442598	0.0	7.513148009015778E-4
903	0.6931471805599453	0.5321918853577666	-0.7295148287442598	0.0	7.513148009015778E-4
904	0.6931471805599453	0.5321918853577666	-0.7295148287442598	0.0	7.513148009015778E-4
904 shall apply	0.6931471805599453	0.5321918853577666	-0.7295148287442598	0.0	7.513148009015778E-4
