918	0.6931471805599453	1.0649062958852513	-1.0319429712369046	0.0	0.0015026296018031556
919	0.6931471805599453	0.5321918853577666	-0.7295148287442598	0.0	7.513148009015778E-4
919 shall	0.6931471805599453	0.5321918853577666	-0.7295148287442598	0.0	7.513148009015778E-4
915 shall be	0.6931471805599453	0.5321918853577666	-0.7295148287442598	0.0	7.513148009015778E-4
910	0.6931471805599453	0.5321918853577666	-0.7295148287442598	0.0	7.513148009015778E-4
915 shall	0.6931471805599453	0.5321918853577666	-0.7295148287442598	0.0	7.513148009015778E-4
918 shall apply	0.6931471805599453	1.0649062958852513	-1.0319429712369046	0.0	0.0015026296018031556
915 iii if	0.6931471805599453	0.5321918853577666	-0.7295148287442598	0.0	7.513148009015778E-4
919 shall apply	0.6931471805599453	0.5321918853577666	-0.7295148287442598	0.0	7.513148009015778E-4
915	0.6931471805599453	2.1319057736788767	-1.4601047132582226	0.0	0.003005259203606311
915 iii	0.6931471805599453	0.5321918853577666	-0.7295148287442598	0.0	7.513148009015778E-4
918 shall	0.6931471805599453	1.0649062958852513	-1.0319429712369046	0.0	0.0015026296018031556
