929	0.6931471805599453	0.5321918853577666	-0.7295148287442598	0.0	7.513148009015778E-4
927 to	0.6931471805599453	0.5321918853577666	-0.7295148287442598	0.0	7.513148009015778E-4
927 shall	0.6931471805599453	1.0649062958852513	-1.0319429712369046	0.0	0.0015026296018031556
929 to	0.6931471805599453	0.5321918853577666	-0.7295148287442598	0.0	7.513148009015778E-4
927 a	0.6931471805599453	0.5321918853577666	-0.7295148287442598	0.0	7.513148009015778E-4
929 to 931	0.6931471805599453	0.5321918853577666	-0.7295148287442598	0.0	7.513148009015778E-4
927 within the	0.6931471805599453	0.5321918853577666	-0.7295148287442598	0.0	7.513148009015778E-4
927 and	0.6931471805599453	0.5321918853577666	-0.7295148287442598	0.0	7.513148009015778E-4
925 articles	0.6931471805599453	0.5321918853577666	-0.7295148287442598	0.0	7.513148009015778E-4
927 or	0.6931471805599453	0.5321918853577666	-0.7295148287442598	0.0	7.513148009015778E-4
927 a person	0.6931471805599453	0.5321918853577666	-0.7295148287442598	0.0	7.513148009015778E-4
927 or has	0.6931471805599453	0.5321918853577666	-0.7295148287442598	0.0	7.513148009015778E-4
928 to	0.6931471805599453	0.5321918853577666	-0.7295148287442598	0.0	7.513148009015778E-4
926 to	0.6931471805599453	0.5321918853577666	-0.7295148287442598	0.0	7.513148009015778E-4
927 within	0.6931471805599453	0.5321918853577666	-0.7295148287442598	0.0	7.513148009015778E-4
926 to 935	0.6931471805599453	0.5321918853577666	-0.7295148287442598	0.0	7.513148009015778E-4
927 and articles	0.6931471805599453	0.5321918853577666	-0.7295148287442598	0.0	7.513148009015778E-4
921 relating to	0.6931471805599453	0.5321918853577666	-0.7295148287442598	0.0	7.513148009015778E-4
928 to 935	0.6931471805599453	0.5321918853577666	-0.7295148287442598	0.0	7.513148009015778E-4
927 to 934	0.6931471805599453	0.5321918853577666	-0.7295148287442598	0.0	7.513148009015778E-4
925 articles 927	0.6931471805599453	0.5321918853577666	-0.7295148287442598	0.0	7.513148009015778E-4
921 relating	0.6931471805599453	0.5321918853577666	-0.7295148287442598	0.0	7.513148009015778E-4
921	0.6931471805599453	0.5321918853577666	-0.7295148287442598	0.0	7.513148009015778E-4
925	0.6931471805599453	0.5321918853577666	-0.7295148287442598	0.0	7.513148009015778E-4
926	0.6931471805599453	0.5321918853577666	-0.7295148287442598	0.0	7.513148009015778E-4
927	0.6931471805599453	3.2010046109959522	-1.7891351572745844	0.0	0.004507888805409466
927 shall be	0.6931471805599453	1.0649062958852513	-1.0319429712369046	0.0	0.0015026296018031556
928	0.6931471805599453	0.5321918853577666	-0.7295148287442598	0.0	7.513148009015778E-4
