935 inclusive	0.6931471805599453	0.5321918853577666	-0.7295148287442598	0.0	7.513148009015778E-4
935 excluding the	0.6931471805599453	0.5321918853577666	-0.7295148287442598	0.0	7.513148009015778E-4
931 inclusive he	0.6931471805599453	0.5321918853577666	-0.7295148287442598	0.0	7.513148009015778E-4
930 to 934	0.6931471805599453	0.5321918853577666	-0.7295148287442598	0.0	7.513148009015778E-4
934 inclusive	0.6931471805599453	1.0649062958852513	-1.0319429712369046	0.0	0.0015026296018031556
934 inclusive shall	0.6931471805599453	0.5321918853577666	-0.7295148287442598	0.0	7.513148009015778E-4
935 excluding	0.6931471805599453	0.5321918853577666	-0.7295148287442598	0.0	7.513148009015778E-4
930 to	0.6931471805599453	0.5321918853577666	-0.7295148287442598	0.0	7.513148009015778E-4
932 shall apply	0.6931471805599453	0.5321918853577666	-0.7295148287442598	0.0	7.513148009015778E-4
931 inclusive	0.6931471805599453	0.5321918853577666	-0.7295148287442598	0.0	7.513148009015778E-4
932 shall	0.6931471805599453	0.5321918853577666	-0.7295148287442598	0.0	7.513148009015778E-4
930	0.6931471805599453	0.5321918853577666	-0.7295148287442598	0.0	7.513148009015778E-4
931	0.6931471805599453	0.5321918853577666	-0.7295148287442598	0.0	7.513148009015778E-4
935 inclusive shall	0.6931471805599453	0.5321918853577666	-0.7295148287442598	0.0	7.513148009015778E-4
934 inclusive articles	0.6931471805599453	0.5321918853577666	-0.7295148287442598	0.0	7.513148009015778E-4
932	0.6931471805599453	0.5321918853577666	-0.7295148287442598	0.0	7.513148009015778E-4
934	0.6931471805599453	1.0649062958852513	-1.0319429712369046	0.0	0.0015026296018031556
935	0.6931471805599453	1.0649062958852513	-1.0319429712369046	0.0	0.0015026296018031556
