941 an	0.6931471805599453	0.5321918853577666	-0.7295148287442598	0.0	7.513148009015778E-4
941 provided however	0.6931471805599453	0.5321918853577666	-0.7295148287442598	0.0	7.513148009015778E-4
945 inclusive and	0.6931471805599453	0.5321918853577666	-0.7295148287442598	0.0	7.513148009015778E-4
941 provided	0.6931471805599453	0.5321918853577666	-0.7295148287442598	0.0	7.513148009015778E-4
945 inclusive	0.6931471805599453	0.5321918853577666	-0.7295148287442598	0.0	7.513148009015778E-4
941 an heir	0.6931471805599453	0.5321918853577666	-0.7295148287442598	0.0	7.513148009015778E-4
941	0.6931471805599453	1.0649062958852513	-1.0319429712369046	0.0	0.0015026296018031556
943	0.6931471805599453	0.5321918853577666	-0.7295148287442598	0.0	7.513148009015778E-4
945	0.6931471805599453	0.5321918853577666	-0.7295148287442598	0.0	7.513148009015778E-4
943 to	0.6931471805599453	0.5321918853577666	-0.7295148287442598	0.0	7.513148009015778E-4
948 shall apply	0.6931471805599453	0.5321918853577666	-0.7295148287442598	0.0	7.513148009015778E-4
943 to 945	0.6931471805599453	0.5321918853577666	-0.7295148287442598	0.0	7.513148009015778E-4
948	0.6931471805599453	0.5321918853577666	-0.7295148287442598	0.0	7.513148009015778E-4
948 shall	0.6931471805599453	0.5321918853577666	-0.7295148287442598	0.0	7.513148009015778E-4
