956 shall apply	0.6931471805599453	0.5321918853577666	-0.7295148287442598	0.0	7.513148009015778E-4
952 an	0.6931471805599453	0.5321918853577666	-0.7295148287442598	0.0	7.513148009015778E-4
951	0.6931471805599453	0.5321918853577666	-0.7295148287442598	0.0	7.513148009015778E-4
952	0.6931471805599453	0.5321918853577666	-0.7295148287442598	0.0	7.513148009015778E-4
952 an administrator	0.6931471805599453	0.5321918853577666	-0.7295148287442598	0.0	7.513148009015778E-4
956	0.6931471805599453	0.5321918853577666	-0.7295148287442598	0.0	7.513148009015778E-4
958	0.6931471805599453	0.5321918853577666	-0.7295148287442598	0.0	7.513148009015778E-4
951 shall	0.6931471805599453	0.5321918853577666	-0.7295148287442598	0.0	7.513148009015778E-4
956 shall	0.6931471805599453	0.5321918853577666	-0.7295148287442598	0.0	7.513148009015778E-4
951 shall be	0.6931471805599453	0.5321918853577666	-0.7295148287442598	0.0	7.513148009015778E-4
