975 inclusive shall	0.6931471805599453	0.5321918853577666	-0.7295148287442598	0.0	7.513148009015778E-4
973 to	0.6931471805599453	0.5321918853577666	-0.7295148287442598	0.0	7.513148009015778E-4
978 a testator	0.6931471805599453	0.5321918853577666	-0.7295148287442598	0.0	7.513148009015778E-4
977 to	0.6931471805599453	0.5321918853577666	-0.7295148287442598	0.0	7.513148009015778E-4
975 inclusive	0.6931471805599453	0.5321918853577666	-0.7295148287442598	0.0	7.513148009015778E-4
977 to 979	0.6931471805599453	0.5321918853577666	-0.7295148287442598	0.0	7.513148009015778E-4
979 inclusive if	0.6931471805599453	0.5321918853577666	-0.7295148287442598	0.0	7.513148009015778E-4
97 shall	1.0986122886681098	1.8808659481157444	1.3714466625121606	0.0014124293785310734	0.0
970	0.6931471805599453	1.0649062958852513	-1.0319429712369046	0.0	0.0015026296018031556
973 to 975	0.6931471805599453	0.5321918853577666	-0.7295148287442598	0.0	7.513148009015778E-4
973	0.6931471805599453	0.5321918853577666	-0.7295148287442598	0.0	7.513148009015778E-4
975	0.6931471805599453	0.5321918853577666	-0.7295148287442598	0.0	7.513148009015778E-4
976	0.6931471805599453	1.598144001511486	-1.2641772033664764	0.0	0.002253944402704733
977	0.6931471805599453	1.0649062958852513	-1.0319429712369046	0.0	0.0015026296018031556
979 inclusive	0.6931471805599453	0.5321918853577666	-0.7295148287442598	0.0	7.513148009015778E-4
978	0.6931471805599453	0.5321918853577666	-0.7295148287442598	0.0	7.513148009015778E-4
979	0.6931471805599453	0.5321918853577666	-0.7295148287442598	0.0	7.513148009015778E-4
97	1.0986122886681098	1.8808659481157444	1.3714466625121606	0.0014124293785310734	0.0
976 to 982	0.6931471805599453	0.5321918853577666	-0.7295148287442598	0.0	7.513148009015778E-4
977 and	0.6931471805599453	0.5321918853577666	-0.7295148287442598	0.0	7.513148009015778E-4
978 a	0.6931471805599453	0.5321918853577666	-0.7295148287442598	0.0	7.513148009015778E-4
976 to	0.6931471805599453	1.0649062958852513	-1.0319429712369046	0.0	0.0015026296018031556
976 to 981	0.6931471805599453	0.5321918853577666	-0.7295148287442598	0.0	7.513148009015778E-4
976 shall	0.6931471805599453	0.5321918853577666	-0.7295148287442598	0.0	7.513148009015778E-4
977 and article	0.6931471805599453	0.5321918853577666	-0.7295148287442598	0.0	7.513148009015778E-4
976 shall apply	0.6931471805599453	0.5321918853577666	-0.7295148287442598	0.0	7.513148009015778E-4
97 shall not	1.0986122886681098	1.8808659481157444	1.3714466625121606	0.0014124293785310734	0.0
