are delivered	0.6931471805599453	0.5321918853577666	-0.7295148287442598	0.0	7.513148009015778E-4
article 900 article	0.6931471805599453	0.5321918853577666	-0.7295148287442598	0.0	7.513148009015778E-4
arose provided	0.6931471805599453	0.5321918853577666	-0.7295148287442598	0.0	7.513148009015778E-4
articles 929 to	0.6931471805599453	0.5321918853577666	-0.7295148287442598	0.0	7.513148009015778E-4
arose the proportions	1.0986122886681098	1.8808659481157444	1.3714466625121606	0.0014124293785310734	0.0
article 299	0.6931471805599453	0.5321918853577666	-0.7295148287442598	0.0	7.513148009015778E-4
are more than	1.6094379124341003	2.8684828357122987	1.6936595985357563	0.00423728813559322	7.513148009015778E-4
article 296	0.6931471805599453	1.0649062958852513	-1.0319429712369046	0.0	0.0015026296018031556
are married to	0.6931471805599453	0.5321918853577666	-0.7295148287442598	0.0	7.513148009015778E-4
article 298	0.6931471805599453	0.5321918853577666	-0.7295148287442598	0.0	7.513148009015778E-4
are not due	1.0986122886681098	1.8808659481157444	1.3714466625121606	0.0014124293785310734	0.0
article even if	0.6931471805599453	0.5321918853577666	-0.7295148287442598	0.0	7.513148009015778E-4
article 9 article	0.6931471805599453	0.5321918853577666	-0.7295148287442598	0.0	7.513148009015778E-4
arise from any	1.0986122886681098	1.8808659481157444	1.3714466625121606	0.0014124293785310734	0.0
arise from assistance	0.6931471805599453	0.5321918853577666	-0.7295148287442598	0.0	7.513148009015778E-4
article 859-2 article	0.6931471805599453	2.1319057736788767	-1.4601047132582226	0.0	0.003005259203606311
article i if	0.6931471805599453	0.5321918853577666	-0.7295148287442598	0.0	7.513148009015778E-4
arrives prior to	0.6931471805599453	0.5321918853577666	-0.7295148287442598	0.0	7.513148009015778E-4
article 777 shall	0.6931471805599453	0.5321918853577666	-0.7295148287442598	0.0	7.513148009015778E-4
arrive within	1.0986122886681098	1.8808659481157444	1.3714466625121606	0.0014124293785310734	0.0
article 620 shall	1.6094379124341003	5.648140671306317	2.3765817198881076	0.00423728813559322	0.0
article 644 and	0.6931471805599453	0.5321918853577666	-0.7295148287442598	0.0	7.513148009015778E-4
arising from a's	0.6931471805599453	0.5321918853577666	-0.7295148287442598	0.0	7.513148009015778E-4
article 921 relating	0.6931471805599453	0.5321918853577666	-0.7295148287442598	0.0	7.513148009015778E-4
article 903 and	0.6931471805599453	0.5321918853577666	-0.7295148287442598	0.0	7.513148009015778E-4
are to	0.8873031950009027	0.09889547934629267	-0.3144765163669501	0.00423728813559322	0.005259203606311044
articles 442	1.0986122886681098	1.8808659481157444	1.3714466625121606	0.0014124293785310734	0.0
arrives	1.203972804325936	1.5577010965544396	1.2480789624676953	0.005649717514124294	0.002253944402704733
articles 434	1.6094379124341003	5.648140671306317	2.3765817198881076	0.00423728813559322	0.0
are prohibited by	0.6931471805599453	0.5321918853577666	-0.7295148287442598	0.0	7.513148009015778E-4
articles 1022	0.6931471805599453	0.5321918853577666	-0.7295148287442598	0.0	7.513148009015778E-4
arrangement which	1.0986122886681098	1.8808659481157444	1.3714466625121606	0.0014124293785310734	0.0
are justifiable	1.3862943611198906	1.352558328650733	1.1629954121365795	0.002824858757062147	7.513148009015778E-4
are several guarantors	1.0986122886681098	1.8808659481157444	1.3714466625121606	0.0014124293785310734	0.0
article or the	0.6931471805599453	0.5321918853577666	-0.7295148287442598	0.0	7.513148009015778E-4
arbitrate as	0.6931471805599453	0.5321918853577666	-0.7295148287442598	0.0	7.513148009015778E-4
article 769 shall	0.6931471805599453	1.0649062958852513	-1.0319429712369046	0.0	0.0015026296018031556
are assumed after	0.6931471805599453	0.5321918853577666	-0.7295148287442598	0.0	7.513148009015778E-4
arrived	1.3862943611198906	1.352558328650733	1.1629954121365795	0.002824858757062147	7.513148009015778E-4
are so	0.6931471805599453	1.598144001511486	-1.2641772033664764	0.0	0.002253944402704733
arise from that	0.6931471805599453	0.5321918853577666	-0.7295148287442598	0.0	7.513148009015778E-4
article the family	0.6931471805599453	2.1319057736788767	-1.4601047132582226	0.0	0.003005259203606311
are obtained from	0.6931471805599453	0.5321918853577666	-0.7295148287442598	0.0	7.513148009015778E-4
article 398-4	0.6931471805599453	1.0649062958852513	-1.0319429712369046	0.0	0.0015026296018031556
articles 1011	0.6931471805599453	0.5321918853577666	-0.7295148287442598	0.0	7.513148009015778E-4
article 796 by	0.6931471805599453	0.5321918853577666	-0.7295148287442598	0.0	7.513148009015778E-4
are heirs one	0.6931471805599453	0.5321918853577666	-0.7295148287442598	0.0	7.513148009015778E-4
articles 930 to	0.6931471805599453	0.5321918853577666	-0.7295148287442598	0.0	7.513148009015778E-4
article 398-12	0.6931471805599453	0.5321918853577666	-0.7295148287442598	0.0	7.513148009015778E-4
arrive within that	1.0986122886681098	1.8808659481157444	1.3714466625121606	0.0014124293785310734	0.0
article 128 and	0.6931471805599453	0.5321918853577666	-0.7295148287442598	0.0	7.513148009015778E-4
article 398-16	0.6931471805599453	1.598144001511486	-1.2641772033664764	0.0	0.002253944402704733
article 817-3 and	0.6931471805599453	0.5321918853577666	-0.7295148287442598	0.0	7.513148009015778E-4
article 304 article	0.6931471805599453	0.5321918853577666	-0.7295148287442598	0.0	7.513148009015778E-4
article 766 a	0.6931471805599453	0.5321918853577666	-0.7295148287442598	0.0	7.513148009015778E-4
article are	0.6931471805599453	0.5321918853577666	-0.7295148287442598	0.0	7.513148009015778E-4
article the spouse	0.6931471805599453	0.5321918853577666	-0.7295148287442598	0.0	7.513148009015778E-4
arising from such	1.0986122886681098	1.8808659481157444	1.3714466625121606	0.0014124293785310734	0.0
are interested persons	0.6931471805599453	0.5321918853577666	-0.7295148287442598	0.0	7.513148009015778E-4
article 650 paragraph	0.6931471805599453	0.5321918853577666	-0.7295148287442598	0.0	7.513148009015778E-4
arose the exercise	0.6931471805599453	0.5321918853577666	-0.7295148287442598	0.0	7.513148009015778E-4
are justifiable reasons	0.6931471805599453	0.5321918853577666	-0.7295148287442598	0.0	7.513148009015778E-4
arose from the	0.6931471805599453	2.1319057736788767	-1.4601047132582226	0.0	0.003005259203606311
article 560 through	1.0986122886681098	1.8808659481157444	1.3714466625121606	0.0014124293785310734	0.0
article 17 may	0.6931471805599453	0.5321918853577666	-0.7295148287442598	0.0	7.513148009015778E-4
are pressing	1.0986122886681098	1.8808659481157444	1.3714466625121606	0.0014124293785310734	0.0
article 797 provided	0.6931471805599453	0.5321918853577666	-0.7295148287442598	0.0	7.513148009015778E-4
are justifiable grounds	1.3862943611198906	3.7635785981933108	1.9399944840625991	0.002824858757062147	0.0
are prohibited	0.6931471805599453	0.5321918853577666	-0.7295148287442598	0.0	7.513148009015778E-4
area	0.6931471805599453	1.0649062958852513	-1.0319429712369046	0.0	0.0015026296018031556
articles 488	1.0986122886681098	1.8808659481157444	1.3714466625121606	0.0014124293785310734	0.0
articles if an	1.0986122886681098	1.8808659481157444	1.3714466625121606	0.0014124293785310734	0.0
article 489	1.0986122886681098	1.8808659481157444	1.3714466625121606	0.0014124293785310734	0.0
article 563 through	1.0986122886681098	1.8808659481157444	1.3714466625121606	0.0014124293785310734	0.0
article 242	0.6931471805599453	1.0649062958852513	-1.0319429712369046	0.0	0.0015026296018031556
arose under	0.6931471805599453	0.5321918853577666	-0.7295148287442598	0.0	7.513148009015778E-4
article	0.8754687373538999	6.056929420878223	-2.4610829772436	0.12429378531073447	0.1652892561983471
article 9 i	0.6931471805599453	0.5321918853577666	-0.7295148287442598	0.0	7.513148009015778E-4
article 748 shall	0.6931471805599453	0.5321918853577666	-0.7295148287442598	0.0	7.513148009015778E-4
articles 243	0.6931471805599453	0.5321918853577666	-0.7295148287442598	0.0	7.513148009015778E-4
article 811-2	0.6931471805599453	0.5321918853577666	-0.7295148287442598	0.0	7.513148009015778E-4
article 857-2	0.6931471805599453	0.5321918853577666	-0.7295148287442598	0.0	7.513148009015778E-4
article article	0.6931471805599453	0.5321918853577666	-0.7295148287442598	0.0	7.513148009015778E-4
article 20 and	0.6931471805599453	0.5321918853577666	-0.7295148287442598	0.0	7.513148009015778E-4
article 797 made	0.6931471805599453	0.5321918853577666	-0.7295148287442598	0.0	7.513148009015778E-4
article 271	0.6931471805599453	0.5321918853577666	-0.7295148287442598	0.0	7.513148009015778E-4
articles the person	1.0986122886681098	1.8808659481157444	1.3714466625121606	0.0014124293785310734	0.0
arose in	0.6931471805599453	0.5321918853577666	-0.7295148287442598	0.0	7.513148009015778E-4
are equivalent to	0.6931471805599453	0.5321918853577666	-0.7295148287442598	0.0	7.513148009015778E-4
arises after an	0.6931471805599453	1.0649062958852513	-1.0319429712369046	0.0	0.0015026296018031556
article paragraph 1	0.6931471805599453	0.5321918853577666	-0.7295148287442598	0.0	7.513148009015778E-4
are rights that	1.0986122886681098	0.2061393874862581	0.45402575641284726	0.0014124293785310734	7.513148009015778E-4
article 887 shall	0.6931471805599453	1.0649062958852513	-1.0319429712369046	0.0	0.0015026296018031556
are agreed	1.0986122886681098	1.8808659481157444	1.3714466625121606	0.0014124293785310734	0.0
arising from the	0.6931471805599453	2.1319057736788767	-1.4601047132582226	0.0	0.003005259203606311
articles 792 to	0.6931471805599453	0.5321918853577666	-0.7295148287442598	0.0	7.513148009015778E-4
articles shall	0.9555114450274363	0.02732765751582933	0.165310790681762	0.00423728813559322	0.003756574004507889
article 927 or	0.6931471805599453	0.5321918853577666	-0.7295148287442598	0.0	7.513148009015778E-4
article without	1.0986122886681098	1.8808659481157444	1.3714466625121606	0.0014124293785310734	0.0
article 269	0.6931471805599453	0.5321918853577666	-0.7295148287442598	0.0	7.513148009015778E-4
article in accordance	0.6931471805599453	0.5321918853577666	-0.7295148287442598	0.0	7.513148009015778E-4
article 260	0.6931471805599453	0.5321918853577666	-0.7295148287442598	0.0	7.513148009015778E-4
article a gift	0.6931471805599453	0.5321918853577666	-0.7295148287442598	0.0	7.513148009015778E-4
arrival of such	0.8754687373538999	0.11726629415197974	-0.34244166532707393	0.002824858757062147	0.003756574004507889
arises	1.2237754316221157	2.9687638492728445	1.7230101129340027	0.009887005649717515	0.003756574004507889
article 103 he	0.6931471805599453	0.5321918853577666	-0.7295148287442598	0.0	7.513148009015778E-4
are mixed	0.6931471805599453	0.5321918853577666	-0.7295148287442598	0.0	7.513148009015778E-4
arisen	0.6931471805599453	0.5321918853577666	-0.7295148287442598	0.0	7.513148009015778E-4
arises from	1.6094379124341003	2.8684828357122987	1.6936595985357563	0.00423728813559322	7.513148009015778E-4
articles 853	0.6931471805599453	0.5321918853577666	-0.7295148287442598	0.0	7.513148009015778E-4
are capable	0.6931471805599453	0.5321918853577666	-0.7295148287442598	0.0	7.513148009015778E-4
articles 434 to	1.6094379124341003	5.648140671306317	2.3765817198881076	0.00423728813559322	0.0
articles 113 to	0.6931471805599453	0.5321918853577666	-0.7295148287442598	0.0	7.513148009015778E-4
are judged	1.0986122886681098	1.8808659481157444	1.3714466625121606	0.0014124293785310734	0.0
article 747 shall	0.6931471805599453	1.0649062958852513	-1.0319429712369046	0.0	0.0015026296018031556
are married	0.6931471805599453	1.598144001511486	-1.2641772033664764	0.0	0.002253944402704733
arrives at the	1.0986122886681098	1.8808659481157444	1.3714466625121606	0.0014124293785310734	0.0
article 968 shall	0.6931471805599453	0.5321918853577666	-0.7295148287442598	0.0	7.513148009015778E-4
article 260 shall	0.6931471805599453	0.5321918853577666	-0.7295148287442598	0.0	7.513148009015778E-4
article 299 shall	0.6931471805599453	0.5321918853577666	-0.7295148287442598	0.0	7.513148009015778E-4
area where	0.6931471805599453	0.5321918853577666	-0.7295148287442598	0.0	7.513148009015778E-4
article 714 paragraph	1.3862943611198906	3.7635785981933108	1.9399944840625991	0.002824858757062147	0.0
are cases	1.0986122886681098	1.8808659481157444	1.3714466625121606	0.0014124293785310734	0.0
arrive before	1.0986122886681098	1.8808659481157444	1.3714466625121606	0.0014124293785310734	0.0
are extremely	0.6931471805599453	0.5321918853577666	-0.7295148287442598	0.0	7.513148009015778E-4
arose provided however	0.6931471805599453	0.5321918853577666	-0.7295148287442598	0.0	7.513148009015778E-4
article inclusive shall	0.6931471805599453	0.5321918853577666	-0.7295148287442598	0.0	7.513148009015778E-4
article must notify	1.0986122886681098	1.8808659481157444	1.3714466625121606	0.0014124293785310734	0.0
article 566 shall	1.0986122886681098	1.8808659481157444	1.3714466625121606	0.0014124293785310734	0.0
are made on	0.6931471805599453	0.5321918853577666	-0.7295148287442598	0.0	7.513148009015778E-4
article 910	0.6931471805599453	0.5321918853577666	-0.7295148287442598	0.0	7.513148009015778E-4
article 794 and	0.6931471805599453	0.5321918853577666	-0.7295148287442598	0.0	7.513148009015778E-4
article 817-2 provided	0.6931471805599453	0.5321918853577666	-0.7295148287442598	0.0	7.513148009015778E-4
article 468 shall	1.0986122886681098	1.8808659481157444	1.3714466625121606	0.0014124293785310734	0.0
are installed	0.6931471805599453	0.5321918853577666	-0.7295148287442598	0.0	7.513148009015778E-4
article is deemed	0.6931471805599453	0.5321918853577666	-0.7295148287442598	0.0	7.513148009015778E-4
are due	1.3862943611198906	3.7635785981933108	1.9399944840625991	0.002824858757062147	0.0
article 624 shall	1.0986122886681098	1.8808659481157444	1.3714466625121606	0.0014124293785310734	0.0
arbitrate referring	0.6931471805599453	0.5321918853577666	-0.7295148287442598	0.0	7.513148009015778E-4
articles 738 739	0.6931471805599453	0.5321918853577666	-0.7295148287442598	0.0	7.513148009015778E-4
article 738 article	0.6931471805599453	0.5321918853577666	-0.7295148287442598	0.0	7.513148009015778E-4
arose and their	0.6931471805599453	0.5321918853577666	-0.7295148287442598	0.0	7.513148009015778E-4
arise between	0.6931471805599453	0.5321918853577666	-0.7295148287442598	0.0	7.513148009015778E-4
article 918	0.6931471805599453	1.0649062958852513	-1.0319429712369046	0.0	0.0015026296018031556
article 646 paragraphs	0.6931471805599453	0.5321918853577666	-0.7295148287442598	0.0	7.513148009015778E-4
article 919	0.6931471805599453	0.5321918853577666	-0.7295148287442598	0.0	7.513148009015778E-4
are exclusive and	1.0986122886681098	1.8808659481157444	1.3714466625121606	0.0014124293785310734	0.0
article in this	0.6931471805599453	1.598144001511486	-1.2641772033664764	0.0	0.002253944402704733
article 915	0.6931471805599453	2.1319057736788767	-1.4601047132582226	0.0	0.003005259203606311
are unavoidable grounds	1.9459101490553132	9.422823997689004	3.0696618702536282	0.007062146892655367	0.0
are purely	0.6931471805599453	0.5321918853577666	-0.7295148287442598	0.0	7.513148009015778E-4
articles 820	0.6931471805599453	0.5321918853577666	-0.7295148287442598	0.0	7.513148009015778E-4
article may cancel	1.0986122886681098	1.8808659481157444	1.3714466625121606	0.0014124293785310734	0.0
article 900	0.6931471805599453	0.5321918853577666	-0.7295148287442598	0.0	7.513148009015778E-4
article at any	0.6931471805599453	0.5321918853577666	-0.7295148287442598	0.0	7.513148009015778E-4
article 886 and	0.6931471805599453	0.5321918853577666	-0.7295148287442598	0.0	7.513148009015778E-4
articles shall not	0.9162907318741551	0.0025594387191226107	-0.05059089561494845	0.0014124293785310734	0.0015026296018031556
article 120 ratifies	0.6931471805599453	0.5321918853577666	-0.7295148287442598	0.0	7.513148009015778E-4
article 15 ceases	0.6931471805599453	0.5321918853577666	-0.7295148287442598	0.0	7.513148009015778E-4
article 635 the	1.0986122886681098	1.8808659481157444	1.3714466625121606	0.0014124293785310734	0.0
article 1029	0.6931471805599453	0.5321918853577666	-0.7295148287442598	0.0	7.513148009015778E-4
article 907	0.6931471805599453	0.5321918853577666	-0.7295148287442598	0.0	7.513148009015778E-4
art charity worship	0.6931471805599453	0.5321918853577666	-0.7295148287442598	0.0	7.513148009015778E-4
article 901	0.6931471805599453	0.5321918853577666	-0.7295148287442598	0.0	7.513148009015778E-4
articles 927 to	0.6931471805599453	0.5321918853577666	-0.7295148287442598	0.0	7.513148009015778E-4
articles the	1.3862943611198906	3.7635785981933108	1.9399944840625991	0.002824858757062147	0.0
article 729 an	0.6931471805599453	0.5321918853577666	-0.7295148287442598	0.0	7.513148009015778E-4
article 903	0.6931471805599453	0.5321918853577666	-0.7295148287442598	0.0	7.513148009015778E-4
article 904	0.6931471805599453	0.5321918853577666	-0.7295148287442598	0.0	7.513148009015778E-4
article 2 of	0.6931471805599453	0.5321918853577666	-0.7295148287442598	0.0	7.513148009015778E-4
are equal in	1.0986122886681098	1.8808659481157444	1.3714466625121606	0.0014124293785310734	0.0
article 904 shall	0.6931471805599453	0.5321918853577666	-0.7295148287442598	0.0	7.513148009015778E-4
are in	0.6931471805599453	0.5321918853577666	-0.7295148287442598	0.0	7.513148009015778E-4
article 188 of	0.6931471805599453	0.5321918853577666	-0.7295148287442598	0.0	7.513148009015778E-4
article 645 article	0.6931471805599453	1.0649062958852513	-1.0319429712369046	0.0	0.0015026296018031556
article 844 article	0.6931471805599453	1.598144001511486	-1.2641772033664764	0.0	0.002253944402704733
article 857-2 shall	0.6931471805599453	0.5321918853577666	-0.7295148287442598	0.0	7.513148009015778E-4
articles 644	0.6931471805599453	0.5321918853577666	-0.7295148287442598	0.0	7.513148009015778E-4
article arrives	1.0986122886681098	1.8808659481157444	1.3714466625121606	0.0014124293785310734	0.0
articles 645	0.6931471805599453	0.5321918853577666	-0.7295148287442598	0.0	7.513148009015778E-4
articles 1022 to	0.6931471805599453	0.5321918853577666	-0.7295148287442598	0.0	7.513148009015778E-4
article 792 provided	0.6931471805599453	0.5321918853577666	-0.7295148287442598	0.0	7.513148009015778E-4
article 952 an	0.6931471805599453	0.5321918853577666	-0.7295148287442598	0.0	7.513148009015778E-4
articles must prepare	0.6931471805599453	0.5321918853577666	-0.7295148287442598	0.0	7.513148009015778E-4
article 637 and	1.0986122886681098	1.8808659481157444	1.3714466625121606	0.0014124293785310734	0.0
arrived at the	0.6931471805599453	0.5321918853577666	-0.7295148287442598	0.0	7.513148009015778E-4
article is provided	0.6931471805599453	0.5321918853577666	-0.7295148287442598	0.0	7.513148009015778E-4
are due each	1.0986122886681098	1.8808659481157444	1.3714466625121606	0.0014124293785310734	0.0
article 739 shall	0.6931471805599453	0.5321918853577666	-0.7295148287442598	0.0	7.513148009015778E-4
article 591 which	1.0986122886681098	1.8808659481157444	1.3714466625121606	0.0014124293785310734	0.0
articles 380 and	0.6931471805599453	0.5321918853577666	-0.7295148287442598	0.0	7.513148009015778E-4
articles 645 to	0.6931471805599453	0.5321918853577666	-0.7295148287442598	0.0	7.513148009015778E-4
arises with	1.3862943611198906	3.7635785981933108	1.9399944840625991	0.002824858757062147	0.0
are not defective	0.6931471805599453	0.5321918853577666	-0.7295148287442598	0.0	7.513148009015778E-4
articles 861	0.6931471805599453	0.5321918853577666	-0.7295148287442598	0.0	7.513148009015778E-4
article 304 shall	0.6931471805599453	1.0649062958852513	-1.0319429712369046	0.0	0.0015026296018031556
article 225 or	0.6931471805599453	0.5321918853577666	-0.7295148287442598	0.0	7.513148009015778E-4
are capable of	0.6931471805599453	0.5321918853577666	-0.7295148287442598	0.0	7.513148009015778E-4
article 465-3 be	1.0986122886681098	1.8808659481157444	1.3714466625121606	0.0014124293785310734	0.0
article the period	0.6931471805599453	0.5321918853577666	-0.7295148287442598	0.0	7.513148009015778E-4
article 467 mortgagees	0.6931471805599453	0.5321918853577666	-0.7295148287442598	0.0	7.513148009015778E-4
article 927 a	0.6931471805599453	0.5321918853577666	-0.7295148287442598	0.0	7.513148009015778E-4
are appurtenant to	0.6931471805599453	0.5321918853577666	-0.7295148287442598	0.0	7.513148009015778E-4
article 732	0.6931471805599453	0.5321918853577666	-0.7295148287442598	0.0	7.513148009015778E-4
article 733	0.6931471805599453	1.598144001511486	-1.2641772033664764	0.0	0.002253944402704733
article 976	0.6931471805599453	1.0649062958852513	-1.0319429712369046	0.0	0.0015026296018031556
article 977	0.6931471805599453	0.5321918853577666	-0.7295148287442598	0.0	7.513148009015778E-4
are later	1.0986122886681098	1.8808659481157444	1.3714466625121606	0.0014124293785310734	0.0
article 63 or	0.6931471805599453	0.5321918853577666	-0.7295148287442598	0.0	7.513148009015778E-4
article 970	0.6931471805599453	1.0649062958852513	-1.0319429712369046	0.0	0.0015026296018031556
article 731	0.6931471805599453	0.5321918853577666	-0.7295148287442598	0.0	7.513148009015778E-4
are multiple guardians	0.6931471805599453	3.736343226630856	-1.9329622931218433	0.0	0.005259203606311044
article 918 shall	0.6931471805599453	1.0649062958852513	-1.0319429712369046	0.0	0.0015026296018031556
article 977 and	0.6931471805599453	0.5321918853577666	-0.7295148287442598	0.0	7.513148009015778E-4
article 978	0.6931471805599453	0.5321918853577666	-0.7295148287442598	0.0	7.513148009015778E-4
article 794 provided	0.6931471805599453	0.5321918853577666	-0.7295148287442598	0.0	7.513148009015778E-4
article 738	0.6931471805599453	1.0649062958852513	-1.0319429712369046	0.0	0.0015026296018031556
article 739	0.6931471805599453	3.736343226630856	-1.9329622931218433	0.0	0.005259203606311044
are owned	0.6931471805599453	0.5321918853577666	-0.7295148287442598	0.0	7.513148009015778E-4
article 724	0.6931471805599453	0.5321918853577666	-0.7295148287442598	0.0	7.513148009015778E-4
are able to	0.6931471805599453	0.5321918853577666	-0.7295148287442598	0.0	7.513148009015778E-4
are harmed	0.6931471805599453	1.598144001511486	-1.2641772033664764	0.0	0.002253944402704733
are due ii	1.0986122886681098	1.8808659481157444	1.3714466625121606	0.0014124293785310734	0.0
article 600 shall	1.0986122886681098	1.8808659481157444	1.3714466625121606	0.0014124293785310734	0.0
article partners shall	1.0986122886681098	1.8808659481157444	1.3714466625121606	0.0014124293785310734	0.0
article 729	0.6931471805599453	0.5321918853577666	-0.7295148287442598	0.0	7.513148009015778E-4
articles 900 to	0.6931471805599453	0.5321918853577666	-0.7295148287442598	0.0	7.513148009015778E-4
arson by a	1.0986122886681098	1.8808659481157444	1.3714466625121606	0.0014124293785310734	0.0
article executes	0.6931471805599453	0.5321918853577666	-0.7295148287442598	0.0	7.513148009015778E-4
article 968	0.6931471805599453	1.598144001511486	-1.2641772033664764	0.0	0.002253944402704733
are mixed together	0.6931471805599453	0.5321918853577666	-0.7295148287442598	0.0	7.513148009015778E-4
article 728	0.6931471805599453	1.598144001511486	-1.2641772033664764	0.0	0.002253944402704733
article 755	0.6931471805599453	0.5321918853577666	-0.7295148287442598	0.0	7.513148009015778E-4
arise unless a	0.6931471805599453	0.5321918853577666	-0.7295148287442598	0.0	7.513148009015778E-4
article an	0.6931471805599453	0.5321918853577666	-0.7295148287442598	0.0	7.513148009015778E-4
article and the	1.0986122886681098	0.2061393874862581	0.45402575641284726	0.0014124293785310734	7.513148009015778E-4
article at	0.6931471805599453	0.5321918853577666	-0.7295148287442598	0.0	7.513148009015778E-4
art charity	0.6931471805599453	0.5321918853577666	-0.7295148287442598	0.0	7.513148009015778E-4
are satisfied and	0.6931471805599453	0.5321918853577666	-0.7295148287442598	0.0	7.513148009015778E-4
arson	1.0986122886681098	1.8808659481157444	1.3714466625121606	0.0014124293785310734	0.0
article 850 article	0.6931471805599453	1.0649062958852513	-1.0319429712369046	0.0	0.0015026296018031556
article 1029 deliver	0.6931471805599453	0.5321918853577666	-0.7295148287442598	0.0	7.513148009015778E-4
are severed	0.6931471805599453	0.5321918853577666	-0.7295148287442598	0.0	7.513148009015778E-4
are	0.889677083356065	1.3282035295178793	-1.1524771275465207	0.06073446327683616	0.0743801652892562
article 978 a	0.6931471805599453	0.5321918853577666	-0.7295148287442598	0.0	7.513148009015778E-4
article an heir	0.6931471805599453	0.5321918853577666	-0.7295148287442598	0.0	7.513148009015778E-4
article 932 shall	0.6931471805599453	0.5321918853577666	-0.7295148287442598	0.0	7.513148009015778E-4
articles 121 to	0.6931471805599453	1.598144001511486	-1.2641772033664764	0.0	0.002253944402704733
arts	0.6931471805599453	0.5321918853577666	-0.7295148287442598	0.0	7.513148009015778E-4
article 518	0.6931471805599453	0.5321918853577666	-0.7295148287442598	0.0	7.513148009015778E-4
article 861 article	0.6931471805599453	1.0649062958852513	-1.0319429712369046	0.0	0.0015026296018031556
article 646 to	1.3862943611198906	3.7635785981933108	1.9399944840625991	0.002824858757062147	0.0
articles a person	0.6931471805599453	0.5321918853577666	-0.7295148287442598	0.0	7.513148009015778E-4
art	0.6931471805599453	0.5321918853577666	-0.7295148287442598	0.0	7.513148009015778E-4
arbitration act act	0.6931471805599453	0.5321918853577666	-0.7295148287442598	0.0	7.513148009015778E-4
article 500	1.0986122886681098	1.8808659481157444	1.3714466625121606	0.0014124293785310734	0.0
arises after	0.6931471805599453	1.0649062958852513	-1.0319429712369046	0.0	0.0015026296018031556
article 417 shall	1.0986122886681098	1.8808659481157444	1.3714466625121606	0.0014124293785310734	0.0
articles if there	0.6931471805599453	0.5321918853577666	-0.7295148287442598	0.0	7.513148009015778E-4
arisen with	0.6931471805599453	0.5321918853577666	-0.7295148287442598	0.0	7.513148009015778E-4
article 747	0.6931471805599453	1.0649062958852513	-1.0319429712369046	0.0	0.0015026296018031556
article must be	1.3862943611198906	3.7635785981933108	1.9399944840625991	0.002824858757062147	0.0
article 748	0.6931471805599453	0.5321918853577666	-0.7295148287442598	0.0	7.513148009015778E-4
are defective	0.6931471805599453	0.5321918853577666	-0.7295148287442598	0.0	7.513148009015778E-4
articles 930	0.6931471805599453	0.5321918853577666	-0.7295148287442598	0.0	7.513148009015778E-4
article 932	0.6931471805599453	0.5321918853577666	-0.7295148287442598	0.0	7.513148009015778E-4
article 180 of	0.6931471805599453	0.5321918853577666	-0.7295148287442598	0.0	7.513148009015778E-4
are as	0.6931471805599453	0.5321918853577666	-0.7295148287442598	0.0	7.513148009015778E-4
are ended	0.6931471805599453	0.5321918853577666	-0.7295148287442598	0.0	7.513148009015778E-4
are married shall	0.6931471805599453	0.5321918853577666	-0.7295148287442598	0.0	7.513148009015778E-4
arising as a	0.6931471805599453	1.0649062958852513	-1.0319429712369046	0.0	0.0015026296018031556
article 672 shall	1.0986122886681098	1.8808659481157444	1.3714466625121606	0.0014124293785310734	0.0
arise from curatorship	0.6931471805599453	0.5321918853577666	-0.7295148287442598	0.0	7.513148009015778E-4
are not the	0.6931471805599453	0.5321918853577666	-0.7295148287442598	0.0	7.513148009015778E-4
article 755 this	0.6931471805599453	0.5321918853577666	-0.7295148287442598	0.0	7.513148009015778E-4
are first	0.6931471805599453	0.5321918853577666	-0.7295148287442598	0.0	7.513148009015778E-4
article referred to	0.6931471805599453	0.5321918853577666	-0.7295148287442598	0.0	7.513148009015778E-4
article 271 through	0.6931471805599453	0.5321918853577666	-0.7295148287442598	0.0	7.513148009015778E-4
article and cause	0.6931471805599453	0.5321918853577666	-0.7295148287442598	0.0	7.513148009015778E-4
article 594 paragraph	1.0986122886681098	1.8808659481157444	1.3714466625121606	0.0014124293785310734	0.0
are the subject	1.0116009116784799	0.20504472849304264	0.4528186485703108	0.00423728813559322	0.003005259203606311
article 921	0.6931471805599453	0.5321918853577666	-0.7295148287442598	0.0	7.513148009015778E-4
article 105 to	0.6931471805599453	0.5321918853577666	-0.7295148287442598	0.0	7.513148009015778E-4
arising from failure	0.6931471805599453	0.5321918853577666	-0.7295148287442598	0.0	7.513148009015778E-4
articles 927	0.6931471805599453	0.5321918853577666	-0.7295148287442598	0.0	7.513148009015778E-4
arrival to the	1.3862943611198906	3.7635785981933108	1.9399944840625991	0.002824858757062147	0.0
arbitration	0.6931471805599453	0.5321918853577666	-0.7295148287442598	0.0	7.513148009015778E-4
articles 928	0.6931471805599453	0.5321918853577666	-0.7295148287442598	0.0	7.513148009015778E-4
article the obligee	1.0986122886681098	1.8808659481157444	1.3714466625121606	0.0014124293785310734	0.0
articles 929	0.6931471805599453	0.5321918853577666	-0.7295148287442598	0.0	7.513148009015778E-4
are grounds which	1.0986122886681098	1.8808659481157444	1.3714466625121606	0.0014124293785310734	0.0
are agreed on	1.0986122886681098	1.8808659481157444	1.3714466625121606	0.0014124293785310734	0.0
article 927	0.6931471805599453	3.2010046109959522	-1.7891351572745844	0.0	0.004507888805409466
are evident	0.6931471805599453	0.5321918853577666	-0.7295148287442598	0.0	7.513148009015778E-4
article 891 shall	0.6931471805599453	0.5321918853577666	-0.7295148287442598	0.0	7.513148009015778E-4
arrival of	0.8649974374866045	0.27083087732307715	-0.5204141402028554	0.00423728813559322	0.006010518407212622
arise between an	0.6931471805599453	0.5321918853577666	-0.7295148287442598	0.0	7.513148009015778E-4
article 798 provided	0.6931471805599453	0.5321918853577666	-0.7295148287442598	0.0	7.513148009015778E-4
article 202 the	0.6931471805599453	0.5321918853577666	-0.7295148287442598	0.0	7.513148009015778E-4
article 925	0.6931471805599453	0.5321918853577666	-0.7295148287442598	0.0	7.513148009015778E-4
article 926	0.6931471805599453	0.5321918853577666	-0.7295148287442598	0.0	7.513148009015778E-4
are real	0.6931471805599453	0.5321918853577666	-0.7295148287442598	0.0	7.513148009015778E-4
article 952	0.6931471805599453	0.5321918853577666	-0.7295148287442598	0.0	7.513148009015778E-4
are several	1.0986122886681098	1.8808659481157444	1.3714466625121606	0.0014124293785310734	0.0
article 951	0.6931471805599453	0.5321918853577666	-0.7295148287442598	0.0	7.513148009015778E-4
articles may exercise	1.0986122886681098	1.8808659481157444	1.3714466625121606	0.0014124293785310734	0.0
are deemed to	1.0986122886681098	1.8808659481157444	1.3714466625121606	0.0014124293785310734	0.0
article 655 paragraph	0.6931471805599453	1.0649062958852513	-1.0319429712369046	0.0	0.0015026296018031556
are reasonable	0.6931471805599453	0.5321918853577666	-0.7295148287442598	0.0	7.513148009015778E-4
article 2	0.6931471805599453	0.5321918853577666	-0.7295148287442598	0.0	7.513148009015778E-4
article 5	0.6931471805599453	0.5321918853577666	-0.7295148287442598	0.0	7.513148009015778E-4
article 859-3 paragraph	0.6931471805599453	2.1319057736788767	-1.4601047132582226	0.0	0.003005259203606311
article 7	0.6931471805599453	1.598144001511486	-1.2641772033664764	0.0	0.002253944402704733
article 6	0.6931471805599453	0.5321918853577666	-0.7295148287442598	0.0	7.513148009015778E-4
arrive	1.3862943611198906	3.7635785981933108	1.9399944840625991	0.002824858757062147	0.0
article 9	0.6931471805599453	1.598144001511486	-1.2641772033664764	0.0	0.002253944402704733
articles 731 to	0.6931471805599453	1.0649062958852513	-1.0319429712369046	0.0	0.0015026296018031556
are the object	0.6931471805599453	1.598144001511486	-1.2641772033664764	0.0	0.002253944402704733
article 714	1.3862943611198906	3.7635785981933108	1.9399944840625991	0.002824858757062147	0.0
article 956	0.6931471805599453	0.5321918853577666	-0.7295148287442598	0.0	7.513148009015778E-4
article 958	0.6931471805599453	0.5321918853577666	-0.7295148287442598	0.0	7.513148009015778E-4
article 717	1.0986122886681098	1.8808659481157444	1.3714466625121606	0.0014124293785310734	0.0
article any performance	1.0986122886681098	1.8808659481157444	1.3714466625121606	0.0014124293785310734	0.0
article 941	0.6931471805599453	1.0649062958852513	-1.0319429712369046	0.0	0.0015026296018031556
arrives along with	0.6931471805599453	0.5321918853577666	-0.7295148287442598	0.0	7.513148009015778E-4
article is to	0.6931471805599453	0.5321918853577666	-0.7295148287442598	0.0	7.513148009015778E-4
article may construct	0.6931471805599453	0.5321918853577666	-0.7295148287442598	0.0	7.513148009015778E-4
articles 900	0.6931471805599453	0.5321918853577666	-0.7295148287442598	0.0	7.513148009015778E-4
article i	0.6931471805599453	0.5321918853577666	-0.7295148287442598	0.0	7.513148009015778E-4
article 650 shall	1.3862943611198906	1.352558328650733	1.1629954121365795	0.002824858757062147	7.513148009015778E-4
article shall be	0.8109302162163288	0.4793429498530917	-0.6923459755448079	0.0014124293785310734	0.003005259203606311
articles a	0.6931471805599453	1.0649062958852513	-1.0319429712369046	0.0	0.0015026296018031556
arbitrate as provided	0.6931471805599453	0.5321918853577666	-0.7295148287442598	0.0	7.513148009015778E-4
article a	0.6931471805599453	0.5321918853577666	-0.7295148287442598	0.0	7.513148009015778E-4
are already	0.6931471805599453	0.5321918853577666	-0.7295148287442598	0.0	7.513148009015778E-4
are due or	1.0986122886681098	1.8808659481157444	1.3714466625121606	0.0014124293785310734	0.0
article 798 is	0.6931471805599453	0.5321918853577666	-0.7295148287442598	0.0	7.513148009015778E-4
are multiple	0.6931471805599453	3.736343226630856	-1.9329622931218433	0.0	0.005259203606311044
article rights to	0.6931471805599453	0.5321918853577666	-0.7295148287442598	0.0	7.513148009015778E-4
article 703	0.6931471805599453	0.5321918853577666	-0.7295148287442598	0.0	7.513148009015778E-4
article 704	0.6931471805599453	0.5321918853577666	-0.7295148287442598	0.0	7.513148009015778E-4
article 948	0.6931471805599453	0.5321918853577666	-0.7295148287442598	0.0	7.513148009015778E-4
article 951 shall	0.6931471805599453	0.5321918853577666	-0.7295148287442598	0.0	7.513148009015778E-4
article 811 may	0.6931471805599453	0.5321918853577666	-0.7295148287442598	0.0	7.513148009015778E-4
are not related	1.0986122886681098	1.8808659481157444	1.3714466625121606	0.0014124293785310734	0.0
article even	0.6931471805599453	0.5321918853577666	-0.7295148287442598	0.0	7.513148009015778E-4
are to be	0.9162907318741551	0.007701010687882219	-0.08775540261364094	0.00423728813559322	0.004507888805409466
article 872 the	0.6931471805599453	0.5321918853577666	-0.7295148287442598	0.0	7.513148009015778E-4
article 330	0.6931471805599453	0.5321918853577666	-0.7295148287442598	0.0	7.513148009015778E-4
articles must	1.0986122886681098	0.2061393874862581	0.45402575641284726	0.0014124293785310734	7.513148009015778E-4
article 915 iii	0.6931471805599453	0.5321918853577666	-0.7295148287442598	0.0	7.513148009015778E-4
articles those	0.6931471805599453	1.0649062958852513	-1.0319429712369046	0.0	0.0015026296018031556
article 863 and	0.6931471805599453	0.5321918853577666	-0.7295148287442598	0.0	7.513148009015778E-4
area of the	0.6931471805599453	1.0649062958852513	-1.0319429712369046	0.0	0.0015026296018031556
articles 296	0.6931471805599453	0.5321918853577666	-0.7295148287442598	0.0	7.513148009015778E-4
article 325	0.6931471805599453	0.5321918853577666	-0.7295148287442598	0.0	7.513148009015778E-4
article 377 shall	0.6931471805599453	0.5321918853577666	-0.7295148287442598	0.0	7.513148009015778E-4
article referred	0.6931471805599453	0.5321918853577666	-0.7295148287442598	0.0	7.513148009015778E-4
article 728 articles	0.6931471805599453	0.5321918853577666	-0.7295148287442598	0.0	7.513148009015778E-4
article 563	1.0986122886681098	1.8808659481157444	1.3714466625121606	0.0014124293785310734	0.0
article 566	1.3862943611198906	3.7635785981933108	1.9399944840625991	0.002824858757062147	0.0
article 560	1.0986122886681098	1.8808659481157444	1.3714466625121606	0.0014124293785310734	0.0
article 561	1.0986122886681098	1.8808659481157444	1.3714466625121606	0.0014124293785310734	0.0
article paragraph	0.6931471805599453	0.5321918853577666	-0.7295148287442598	0.0	7.513148009015778E-4
article 545 shall	1.0986122886681098	1.8808659481157444	1.3714466625121606	0.0014124293785310734	0.0
are owned by	0.6931471805599453	0.5321918853577666	-0.7295148287442598	0.0	7.513148009015778E-4
article 210 must	0.6931471805599453	0.5321918853577666	-0.7295148287442598	0.0	7.513148009015778E-4
article 859-2 and	0.6931471805599453	0.5321918853577666	-0.7295148287442598	0.0	7.513148009015778E-4
article 790 and	0.6931471805599453	0.5321918853577666	-0.7295148287442598	0.0	7.513148009015778E-4
arrival if	1.0986122886681098	1.8808659481157444	1.3714466625121606	0.0014124293785310734	0.0
article 597	1.0986122886681098	1.8808659481157444	1.3714466625121606	0.0014124293785310734	0.0
article 598	1.0986122886681098	1.8808659481157444	1.3714466625121606	0.0014124293785310734	0.0
article 351	0.6931471805599453	0.5321918853577666	-0.7295148287442598	0.0	7.513148009015778E-4
article 594	1.0986122886681098	1.8808659481157444	1.3714466625121606	0.0014124293785310734	0.0
article 859-3 shall	0.6931471805599453	0.5321918853577666	-0.7295148287442598	0.0	7.513148009015778E-4
article 13 and	0.6931471805599453	0.5321918853577666	-0.7295148287442598	0.0	7.513148009015778E-4
article 591	1.0986122886681098	1.8808659481157444	1.3714466625121606	0.0014124293785310734	0.0
article have	0.6931471805599453	0.5321918853577666	-0.7295148287442598	0.0	7.513148009015778E-4
article 376 provided	0.6931471805599453	0.5321918853577666	-0.7295148287442598	0.0	7.513148009015778E-4
are interested	0.6931471805599453	0.5321918853577666	-0.7295148287442598	0.0	7.513148009015778E-4
arise if the	0.6931471805599453	0.5321918853577666	-0.7295148287442598	0.0	7.513148009015778E-4
article may demand	0.6931471805599453	0.5321918853577666	-0.7295148287442598	0.0	7.513148009015778E-4
articles 274	0.6931471805599453	0.5321918853577666	-0.7295148287442598	0.0	7.513148009015778E-4
are unavoidable reasons	1.0986122886681098	0.2061393874862581	0.45402575641284726	0.0014124293785310734	7.513148009015778E-4
article 105	1.0986122886681098	0.2061393874862581	0.45402575641284726	0.0014124293785310734	7.513148009015778E-4
article 107	1.0986122886681098	1.8808659481157444	1.3714466625121606	0.0014124293785310734	0.0
are exclusive	1.0986122886681098	1.8808659481157444	1.3714466625121606	0.0014124293785310734	0.0
article 873 shall	0.6931471805599453	1.0649062958852513	-1.0319429712369046	0.0	0.0015026296018031556
article 670 shall	1.0986122886681098	1.8808659481157444	1.3714466625121606	0.0014124293785310734	0.0
article 103	0.6931471805599453	0.5321918853577666	-0.7295148287442598	0.0	7.513148009015778E-4
article 887 the	0.6931471805599453	0.5321918853577666	-0.7295148287442598	0.0	7.513148009015778E-4
article 583	1.3862943611198906	3.7635785981933108	1.9399944840625991	0.002824858757062147	0.0
article 580	1.0986122886681098	1.8808659481157444	1.3714466625121606	0.0014124293785310734	0.0
area where the	0.6931471805599453	0.5321918853577666	-0.7295148287442598	0.0	7.513148009015778E-4
article 834-2 or	0.6931471805599453	0.5321918853577666	-0.7295148287442598	0.0	7.513148009015778E-4
are appurtenant	0.6931471805599453	0.5321918853577666	-0.7295148287442598	0.0	7.513148009015778E-4
article 7 ceases	0.6931471805599453	0.5321918853577666	-0.7295148287442598	0.0	7.513148009015778E-4
are pressing circumstances	1.0986122886681098	1.8808659481157444	1.3714466625121606	0.0014124293785310734	0.0
article 747 and	0.6931471805599453	0.5321918853577666	-0.7295148287442598	0.0	7.513148009015778E-4
article 11 ceases	0.6931471805599453	0.5321918853577666	-0.7295148287442598	0.0	7.513148009015778E-4
article 777	0.6931471805599453	0.5321918853577666	-0.7295148287442598	0.0	7.513148009015778E-4
article 826 shall	0.6931471805599453	0.5321918853577666	-0.7295148287442598	0.0	7.513148009015778E-4
article 537	1.0986122886681098	1.8808659481157444	1.3714466625121606	0.0014124293785310734	0.0
article shall receive	0.6931471805599453	0.5321918853577666	-0.7295148287442598	0.0	7.513148009015778E-4
arise from default	1.0986122886681098	1.8808659481157444	1.3714466625121606	0.0014124293785310734	0.0
article 772	0.6931471805599453	0.5321918853577666	-0.7295148287442598	0.0	7.513148009015778E-4
are later deemed	1.0986122886681098	1.8808659481157444	1.3714466625121606	0.0014124293785310734	0.0
article 732 or	0.6931471805599453	0.5321918853577666	-0.7295148287442598	0.0	7.513148009015778E-4
article 774	0.6931471805599453	0.5321918853577666	-0.7295148287442598	0.0	7.513148009015778E-4
article 533	1.791759469228055	7.534554893876928	2.744914369133749	0.005649717514124294	0.0
are any other	0.6931471805599453	0.5321918853577666	-0.7295148287442598	0.0	7.513148009015778E-4
article 862 and	0.6931471805599453	0.5321918853577666	-0.7295148287442598	0.0	7.513148009015778E-4
article 770	0.6931471805599453	0.5321918853577666	-0.7295148287442598	0.0	7.513148009015778E-4
article 489 shall	1.0986122886681098	1.8808659481157444	1.3714466625121606	0.0014124293785310734	0.0
articles those customs	0.6931471805599453	1.0649062958852513	-1.0319429712369046	0.0	0.0015026296018031556
article may	1.0986122886681098	0.6196349222471831	0.7871689286596512	0.00423728813559322	0.002253944402704733
article is nullified	0.6931471805599453	0.5321918853577666	-0.7295148287442598	0.0	7.513148009015778E-4
arising from specific	0.6931471805599453	0.5321918853577666	-0.7295148287442598	0.0	7.513148009015778E-4
article 766	0.6931471805599453	1.0649062958852513	-1.0319429712369046	0.0	0.0015026296018031556
article is effected	0.6931471805599453	0.5321918853577666	-0.7295148287442598	0.0	7.513148009015778E-4
article 452 or	1.0986122886681098	1.8808659481157444	1.3714466625121606	0.0014124293785310734	0.0
article 655 shall	0.6931471805599453	1.598144001511486	-1.2641772033664764	0.0	0.002253944402704733
article 847 article	0.6931471805599453	1.0649062958852513	-1.0319429712369046	0.0	0.0015026296018031556
are not jointly	1.0986122886681098	1.8808659481157444	1.3714466625121606	0.0014124293785310734	0.0
are not acts	0.6931471805599453	0.5321918853577666	-0.7295148287442598	0.0	7.513148009015778E-4
article 769	0.6931471805599453	1.598144001511486	-1.2641772033664764	0.0	0.002253944402704733
article 655 article	0.6931471805599453	1.598144001511486	-1.2641772033664764	0.0	0.002253944402704733
are obtained	0.6931471805599453	0.5321918853577666	-0.7295148287442598	0.0	7.513148009015778E-4
article 811-2 or	0.6931471805599453	0.5321918853577666	-0.7295148287442598	0.0	7.513148009015778E-4
article 798	0.6931471805599453	1.0649062958852513	-1.0319429712369046	0.0	0.0015026296018031556
article 799	0.6931471805599453	1.0649062958852513	-1.0319429712369046	0.0	0.0015026296018031556
article 304 cited	0.6931471805599453	0.5321918853577666	-0.7295148287442598	0.0	7.513148009015778E-4
article 794	0.6931471805599453	1.0649062958852513	-1.0319429712369046	0.0	0.0015026296018031556
are registered pursuant	0.6931471805599453	0.5321918853577666	-0.7295148287442598	0.0	7.513148009015778E-4
article 312	0.6931471805599453	0.5321918853577666	-0.7295148287442598	0.0	7.513148009015778E-4
article 766 shall	0.6931471805599453	0.5321918853577666	-0.7295148287442598	0.0	7.513148009015778E-4
article 796	0.6931471805599453	1.0649062958852513	-1.0319429712369046	0.0	0.0015026296018031556
article 797	0.6931471805599453	1.0649062958852513	-1.0319429712369046	0.0	0.0015026296018031556
article 790	0.6931471805599453	0.5321918853577666	-0.7295148287442598	0.0	7.513148009015778E-4
article 792	0.6931471805599453	0.5321918853577666	-0.7295148287442598	0.0	7.513148009015778E-4
article 551	1.0986122886681098	1.8808659481157444	1.3714466625121606	0.0014124293785310734	0.0
article 793	0.6931471805599453	0.5321918853577666	-0.7295148287442598	0.0	7.513148009015778E-4
article 15 an	0.6931471805599453	0.5321918853577666	-0.7295148287442598	0.0	7.513148009015778E-4
article may note	0.6931471805599453	0.5321918853577666	-0.7295148287442598	0.0	7.513148009015778E-4
article 824 shall	0.6931471805599453	1.598144001511486	-1.2641772033664764	0.0	0.002253944402704733
article 545	1.0986122886681098	1.8808659481157444	1.3714466625121606	0.0014124293785310734	0.0
article 304	0.6931471805599453	2.6661923853469234	-1.6328479369944169	0.0	0.003756574004507889
article 306	0.6931471805599453	0.5321918853577666	-0.7295148287442598	0.0	7.513148009015778E-4
articles 976 to	0.6931471805599453	0.5321918853577666	-0.7295148287442598	0.0	7.513148009015778E-4
article 269 shall	0.6931471805599453	0.5321918853577666	-0.7295148287442598	0.0	7.513148009015778E-4
articles 804 to	0.6931471805599453	0.5321918853577666	-0.7295148287442598	0.0	7.513148009015778E-4
article 304 and	0.6931471805599453	0.5321918853577666	-0.7295148287442598	0.0	7.513148009015778E-4
article 598 shall	1.0986122886681098	1.8808659481157444	1.3714466625121606	0.0014124293785310734	0.0
article must	1.791759469228055	7.534554893876928	2.744914369133749	0.005649717514124294	0.0
are unknown	1.0986122886681098	0.2061393874862581	0.45402575641284726	0.0014124293785310734	7.513148009015778E-4
article 861 and	0.6931471805599453	1.598144001511486	-1.2641772033664764	0.0	0.002253944402704733
article 107 shall	1.0986122886681098	1.8808659481157444	1.3714466625121606	0.0014124293785310734	0.0
arise from	1.0414538748281612	0.5619497176540165	0.7496330553370872	0.007062146892655367	0.004507888805409466
article 17 shall	0.6931471805599453	0.5321918853577666	-0.7295148287442598	0.0	7.513148009015778E-4
article 925 articles	0.6931471805599453	0.5321918853577666	-0.7295148287442598	0.0	7.513148009015778E-4
article to the	0.6931471805599453	1.0649062958852513	-1.0319429712369046	0.0	0.0015026296018031556
arbitrate	0.6931471805599453	0.5321918853577666	-0.7295148287442598	0.0	7.513148009015778E-4
article 11 or	0.6931471805599453	1.0649062958852513	-1.0319429712369046	0.0	0.0015026296018031556
arises as	0.6931471805599453	0.5321918853577666	-0.7295148287442598	0.0	7.513148009015778E-4
article 887 article	0.6931471805599453	0.5321918853577666	-0.7295148287442598	0.0	7.513148009015778E-4
article 897 the	0.6931471805599453	0.5321918853577666	-0.7295148287442598	0.0	7.513148009015778E-4
article 180	0.6931471805599453	0.5321918853577666	-0.7295148287442598	0.0	7.513148009015778E-4
are purely personal	0.6931471805599453	0.5321918853577666	-0.7295148287442598	0.0	7.513148009015778E-4
article 724 shall	0.6931471805599453	0.5321918853577666	-0.7295148287442598	0.0	7.513148009015778E-4
articles 861 to	0.6931471805599453	0.5321918853577666	-0.7295148287442598	0.0	7.513148009015778E-4
article 926 to	0.6931471805599453	0.5321918853577666	-0.7295148287442598	0.0	7.513148009015778E-4
are a	0.6931471805599453	2.1319057736788767	-1.4601047132582226	0.0	0.003005259203606311
are two or	0.6931471805599453	4.80860273952323	-2.1928526488396867	0.0	0.0067618332081141996
article 167	1.0986122886681098	0.2061393874862581	0.45402575641284726	0.0014124293785310734	7.513148009015778E-4
article 163	0.6931471805599453	0.5321918853577666	-0.7295148287442598	0.0	7.513148009015778E-4
article executes a	0.6931471805599453	0.5321918853577666	-0.7295148287442598	0.0	7.513148009015778E-4
article 105 and	1.0986122886681098	1.8808659481157444	1.3714466625121606	0.0014124293785310734	0.0
article the allocation	1.0986122886681098	1.8808659481157444	1.3714466625121606	0.0014124293785310734	0.0
article 162	0.6931471805599453	0.5321918853577666	-0.7295148287442598	0.0	7.513148009015778E-4
article to	0.6931471805599453	1.0649062958852513	-1.0319429712369046	0.0	0.0015026296018031556
arises as a	0.6931471805599453	0.5321918853577666	-0.7295148287442598	0.0	7.513148009015778E-4
article 97 shall	1.0986122886681098	1.8808659481157444	1.3714466625121606	0.0014124293785310734	0.0
article 68-3	0.6931471805599453	0.5321918853577666	-0.7295148287442598	0.0	7.513148009015778E-4
article if it	0.6931471805599453	0.5321918853577666	-0.7295148287442598	0.0	7.513148009015778E-4
arising the owner	1.3862943611198906	3.7635785981933108	1.9399944840625991	0.002824858757062147	0.0
arises from guardianship	0.6931471805599453	0.5321918853577666	-0.7295148287442598	0.0	7.513148009015778E-4
article 17	0.6931471805599453	2.1319057736788767	-1.4601047132582226	0.0	0.003005259203606311
article 196	1.3862943611198906	1.352558328650733	1.1629954121365795	0.002824858757062147	7.513148009015778E-4
article shall not	0.8109302162163288	0.4793429498530917	-0.6923459755448079	0.0014124293785310734	0.003005259203606311
article 847 paragraph	0.6931471805599453	0.5321918853577666	-0.7295148287442598	0.0	7.513148009015778E-4
article rights	0.6931471805599453	0.5321918853577666	-0.7295148287442598	0.0	7.513148009015778E-4
article article 811	0.6931471805599453	0.5321918853577666	-0.7295148287442598	0.0	7.513148009015778E-4
are not required	0.6931471805599453	0.5321918853577666	-0.7295148287442598	0.0	7.513148009015778E-4
article 13	0.6931471805599453	1.598144001511486	-1.2641772033664764	0.0	0.002253944402704733
article 15	0.6931471805599453	1.598144001511486	-1.2641772033664764	0.0	0.002253944402704733
are satisfied	0.6931471805599453	1.0649062958852513	-1.0319429712369046	0.0	0.0015026296018031556
article or as	0.6931471805599453	0.5321918853577666	-0.7295148287442598	0.0	7.513148009015778E-4
arrival of the	0.8472978603872037	0.16715827561327312	-0.4088499426602297	0.0014124293785310734	0.002253944402704733
articles shall apply	0.9808292530117262	0.06158139334038391	0.24815598590480123	0.002824858757062147	0.002253944402704733
article 11	0.6931471805599453	2.1319057736788767	-1.4601047132582226	0.0	0.003005259203606311
articles 792	0.6931471805599453	0.5321918853577666	-0.7295148287442598	0.0	7.513148009015778E-4
are incurred by	0.6931471805599453	0.5321918853577666	-0.7295148287442598	0.0	7.513148009015778E-4
arises from a	1.3862943611198906	3.7635785981933108	1.9399944840625991	0.002824858757062147	0.0
article 465-2 is	1.0986122886681098	1.8808659481157444	1.3714466625121606	0.0014124293785310734	0.0
are not	0.9162907318741551	0.015470610288372988	-0.12438090805414224	0.00847457627118644	0.009015777610818933
arose the	1.0986122886681098	0.2061393874862581	0.45402575641284726	0.0014124293785310734	7.513148009015778E-4
are satisfied provided	0.6931471805599453	0.5321918853577666	-0.7295148287442598	0.0	7.513148009015778E-4
article may be	1.3862943611198906	3.7635785981933108	1.9399944840625991	0.002824858757062147	0.0
articles if the	1.0986122886681098	1.8808659481157444	1.3714466625121606	0.0014124293785310734	0.0
article 188	0.6931471805599453	0.5321918853577666	-0.7295148287442598	0.0	7.513148009015778E-4
arises by	1.0986122886681098	1.8808659481157444	1.3714466625121606	0.0014124293785310734	0.0
article 183	0.6931471805599453	0.5321918853577666	-0.7295148287442598	0.0	7.513148009015778E-4
article shall	0.9162907318741551	0.023309719229226002	-0.1526752082992717	0.012711864406779662	0.013523666416228399
articles 644 to	0.6931471805599453	0.5321918853577666	-0.7295148287442598	0.0	7.513148009015778E-4
articles may	1.0986122886681098	0.2061393874862581	0.45402575641284726	0.0014124293785310734	7.513148009015778E-4
arson by	1.0986122886681098	1.8808659481157444	1.3714466625121606	0.0014124293785310734	0.0
articles 296 through	0.6931471805599453	0.5321918853577666	-0.7295148287442598	0.0	7.513148009015778E-4
arising as	0.6931471805599453	1.0649062958852513	-1.0319429712369046	0.0	0.0015026296018031556
arrives at	1.0986122886681098	1.8808659481157444	1.3714466625121606	0.0014124293785310734	0.0
are first paid	0.6931471805599453	0.5321918853577666	-0.7295148287442598	0.0	7.513148009015778E-4
article have ceased	0.6931471805599453	0.5321918853577666	-0.7295148287442598	0.0	7.513148009015778E-4
article 870 article	0.6931471805599453	1.0649062958852513	-1.0319429712369046	0.0	0.0015026296018031556
article 20	0.6931471805599453	1.598144001511486	-1.2641772033664764	0.0	0.002253944402704733
arrives after the	1.3862943611198906	1.352558328650733	1.1629954121365795	0.002824858757062147	7.513148009015778E-4
article 376	0.6931471805599453	0.5321918853577666	-0.7295148287442598	0.0	7.513148009015778E-4
arise unless it	0.6931471805599453	0.5321918853577666	-0.7295148287442598	0.0	7.513148009015778E-4
article 377	0.6931471805599453	0.5321918853577666	-0.7295148287442598	0.0	7.513148009015778E-4
article 20 shall	0.6931471805599453	1.0649062958852513	-1.0319429712369046	0.0	0.0015026296018031556
article 372	0.6931471805599453	0.5321918853577666	-0.7295148287442598	0.0	7.513148009015778E-4
are more	1.6094379124341003	2.8684828357122987	1.6936595985357563	0.00423728813559322	7.513148009015778E-4
article 834 paragraph	0.6931471805599453	0.5321918853577666	-0.7295148287442598	0.0	7.513148009015778E-4
article 739 and	0.6931471805599453	0.5321918853577666	-0.7295148287442598	0.0	7.513148009015778E-4
are distributed prior	0.6931471805599453	0.5321918853577666	-0.7295148287442598	0.0	7.513148009015778E-4
are the same	1.3862943611198906	3.7635785981933108	1.9399944840625991	0.002824858757062147	0.0
articles 274 through	0.6931471805599453	0.5321918853577666	-0.7295148287442598	0.0	7.513148009015778E-4
article or	0.6931471805599453	1.0649062958852513	-1.0319429712369046	0.0	0.0015026296018031556
arrangement which is	1.0986122886681098	1.8808659481157444	1.3714466625121606	0.0014124293785310734	0.0
article 128	0.6931471805599453	0.5321918853577666	-0.7295148287442598	0.0	7.513148009015778E-4
are different	1.0986122886681098	1.8808659481157444	1.3714466625121606	0.0014124293785310734	0.0
article 129	0.6931471805599453	0.5321918853577666	-0.7295148287442598	0.0	7.513148009015778E-4
articles 928 to	0.6931471805599453	0.5321918853577666	-0.7295148287442598	0.0	7.513148009015778E-4
are required for	1.0986122886681098	1.8808659481157444	1.3714466625121606	0.0014124293785310734	0.0
article 862 article	0.6931471805599453	0.5321918853577666	-0.7295148287442598	0.0	7.513148009015778E-4
article 863 shall	0.6931471805599453	0.5321918853577666	-0.7295148287442598	0.0	7.513148009015778E-4
article 120	0.6931471805599453	0.5321918853577666	-0.7295148287442598	0.0	7.513148009015778E-4
articles must be	1.0986122886681098	1.8808659481157444	1.3714466625121606	0.0014124293785310734	0.0
article arrives after	1.0986122886681098	1.8808659481157444	1.3714466625121606	0.0014124293785310734	0.0
are not aware	0.6931471805599453	0.5321918853577666	-0.7295148287442598	0.0	7.513148009015778E-4
article 919 shall	0.6931471805599453	0.5321918853577666	-0.7295148287442598	0.0	7.513148009015778E-4
arose	0.7537718023763802	2.223538959674007	-1.491153566764338	0.0014124293785310734	0.006010518407212622
articles 121	0.6931471805599453	1.598144001511486	-1.2641772033664764	0.0	0.002253944402704733
article 834-2	0.6931471805599453	0.5321918853577666	-0.7295148287442598	0.0	7.513148009015778E-4
arises from the	1.0986122886681098	1.8808659481157444	1.3714466625121606	0.0014124293785310734	0.0
articles 113	0.6931471805599453	0.5321918853577666	-0.7295148287442598	0.0	7.513148009015778E-4
article must also	1.0986122886681098	1.8808659481157444	1.3714466625121606	0.0014124293785310734	0.0
article 13 or	0.6931471805599453	0.5321918853577666	-0.7295148287442598	0.0	7.513148009015778E-4
arising the	1.3862943611198906	3.7635785981933108	1.9399944840625991	0.002824858757062147	0.0
are equivalent	0.6931471805599453	0.5321918853577666	-0.7295148287442598	0.0	7.513148009015778E-4
article 392	0.6931471805599453	0.5321918853577666	-0.7295148287442598	0.0	7.513148009015778E-4
article 644 article	0.6931471805599453	2.6661923853469234	-1.6328479369944169	0.0	0.003756574004507889
arising from this	0.6931471805599453	0.5321918853577666	-0.7295148287442598	0.0	7.513148009015778E-4
article 424 shall	1.0986122886681098	1.8808659481157444	1.3714466625121606	0.0014124293785310734	0.0
article other	0.6931471805599453	0.5321918853577666	-0.7295148287442598	0.0	7.513148009015778E-4
article 689 occurs	1.0986122886681098	1.8808659481157444	1.3714466625121606	0.0014124293785310734	0.0
article 398-16 has	0.6931471805599453	0.5321918853577666	-0.7295148287442598	0.0	7.513148009015778E-4
are other customs	0.6931471805599453	0.5321918853577666	-0.7295148287442598	0.0	7.513148009015778E-4
article 383	0.6931471805599453	1.0649062958852513	-1.0319429712369046	0.0	0.0015026296018031556
are customs	0.6931471805599453	2.6661923853469234	-1.6328479369944169	0.0	0.003756574004507889
article 703 and	0.6931471805599453	0.5321918853577666	-0.7295148287442598	0.0	7.513148009015778E-4
are registered the	0.6931471805599453	0.5321918853577666	-0.7295148287442598	0.0	7.513148009015778E-4
articles	0.8254986320446194	4.977484694804566	-2.23102772165757	0.0211864406779661	0.039819684447783624
are effected under	0.6931471805599453	0.5321918853577666	-0.7295148287442598	0.0	7.513148009015778E-4
are equal	1.0986122886681098	1.8808659481157444	1.3714466625121606	0.0014124293785310734	0.0
articles 731	0.6931471805599453	1.0649062958852513	-1.0319429712369046	0.0	0.0015026296018031556
articles 973	0.6931471805599453	0.5321918853577666	-0.7295148287442598	0.0	7.513148009015778E-4
article 5 article	0.6931471805599453	0.5321918853577666	-0.7295148287442598	0.0	7.513148009015778E-4
articles 977	0.6931471805599453	0.5321918853577666	-0.7295148287442598	0.0	7.513148009015778E-4
articles 976	0.6931471805599453	0.5321918853577666	-0.7295148287442598	0.0	7.513148009015778E-4
articles 973 to	0.6931471805599453	0.5321918853577666	-0.7295148287442598	0.0	7.513148009015778E-4
articles 738	0.6931471805599453	0.5321918853577666	-0.7295148287442598	0.0	7.513148009015778E-4
are not limited	1.0986122886681098	1.8808659481157444	1.3714466625121606	0.0014124293785310734	0.0
article 351 shall	0.6931471805599453	0.5321918853577666	-0.7295148287442598	0.0	7.513148009015778E-4
articles 192 through	0.6931471805599453	0.5321918853577666	-0.7295148287442598	0.0	7.513148009015778E-4
article the court	0.6931471805599453	0.5321918853577666	-0.7295148287442598	0.0	7.513148009015778E-4
article 948 shall	0.6931471805599453	0.5321918853577666	-0.7295148287442598	0.0	7.513148009015778E-4
articles may be	0.6931471805599453	0.5321918853577666	-0.7295148287442598	0.0	7.513148009015778E-4
article 467 shall	1.0986122886681098	1.8808659481157444	1.3714466625121606	0.0014124293785310734	0.0
article 871 and	0.6931471805599453	1.0649062958852513	-1.0319429712369046	0.0	0.0015026296018031556
article 738 and	0.6931471805599453	0.5321918853577666	-0.7295148287442598	0.0	7.513148009015778E-4
articles if	1.3862943611198906	1.352558328650733	1.1629954121365795	0.002824858757062147	7.513148009015778E-4
are any grounds	1.0986122886681098	1.8808659481157444	1.3714466625121606	0.0014124293785310734	0.0
article if the	1.3862943611198906	1.352558328650733	1.1629954121365795	0.002824858757062147	7.513148009015778E-4
are different in	1.0986122886681098	1.8808659481157444	1.3714466625121606	0.0014124293785310734	0.0
are not inconsistent	1.3862943611198906	3.7635785981933108	1.9399944840625991	0.002824858757062147	0.0
arise from such	1.0986122886681098	0.2061393874862581	0.45402575641284726	0.0014124293785310734	7.513148009015778E-4
article 533 shall	1.791759469228055	7.534554893876928	2.744914369133749	0.005649717514124294	0.0
article 467 or	0.6931471805599453	0.5321918853577666	-0.7295148287442598	0.0	7.513148009015778E-4
are harmed due	0.6931471805599453	1.598144001511486	-1.2641772033664764	0.0	0.002253944402704733
article shall apply	1.0498221244986776	0.7542379427805159	0.8684687344864614	0.00847457627118644	0.005259203606311044
article 876-4 shall	0.6931471805599453	0.5321918853577666	-0.7295148287442598	0.0	7.513148009015778E-4
article 956 shall	0.6931471805599453	0.5321918853577666	-0.7295148287442598	0.0	7.513148009015778E-4
article 717 paragraph	1.0986122886681098	1.8808659481157444	1.3714466625121606	0.0014124293785310734	0.0
articles 27 to	0.6931471805599453	2.6661923853469234	-1.6328479369944169	0.0	0.003756574004507889
articles the principal	1.0986122886681098	1.8808659481157444	1.3714466625121606	0.0014124293785310734	0.0
article is	0.6931471805599453	3.2010046109959522	-1.7891351572745844	0.0	0.004507888805409466
article it	0.6931471805599453	1.0649062958852513	-1.0319429712369046	0.0	0.0015026296018031556
are any	1.0986122886681098	0.2061393874862581	0.45402575641284726	0.0014124293785310734	7.513148009015778E-4
articles 853 to	0.6931471805599453	0.5321918853577666	-0.7295148287442598	0.0	7.513148009015778E-4
article 901 article	0.6931471805599453	0.5321918853577666	-0.7295148287442598	0.0	7.513148009015778E-4
article 941 an	0.6931471805599453	0.5321918853577666	-0.7295148287442598	0.0	7.513148009015778E-4
are silbings	0.6931471805599453	0.5321918853577666	-0.7295148287442598	0.0	7.513148009015778E-4
are as follows	0.6931471805599453	0.5321918853577666	-0.7295148287442598	0.0	7.513148009015778E-4
are silbings of	0.6931471805599453	0.5321918853577666	-0.7295148287442598	0.0	7.513148009015778E-4
article if	0.9808292530117262	0.06158139334038391	0.24815598590480123	0.002824858757062147	0.002253944402704733
article 'oral instruction'	0.6931471805599453	0.5321918853577666	-0.7295148287442598	0.0	7.513148009015778E-4
are judged to	1.0986122886681098	1.8808659481157444	1.3714466625121606	0.0014124293785310734	0.0
article in	0.6931471805599453	2.1319057736788767	-1.4601047132582226	0.0	0.003005259203606311
article 927 within	0.6931471805599453	0.5321918853577666	-0.7295148287442598	0.0	7.513148009015778E-4
article ii	0.6931471805599453	0.5321918853577666	-0.7295148287442598	0.0	7.513148009015778E-4
articles a decedent	0.6931471805599453	0.5321918853577666	-0.7295148287442598	0.0	7.513148009015778E-4
arises by novation	1.0986122886681098	1.8808659481157444	1.3714466625121606	0.0014124293785310734	0.0
article 915 shall	0.6931471805599453	0.5321918853577666	-0.7295148287442598	0.0	7.513148009015778E-4
are extremely harmed	0.6931471805599453	0.5321918853577666	-0.7295148287442598	0.0	7.513148009015778E-4
articles 943	0.6931471805599453	0.5321918853577666	-0.7295148287442598	0.0	7.513148009015778E-4
article 634 or	1.0986122886681098	1.8808659481157444	1.3714466625121606	0.0014124293785310734	0.0
article 843 and	0.6931471805599453	1.0649062958852513	-1.0319429712369046	0.0	0.0015026296018031556
article 462 shall	1.0986122886681098	1.8808659481157444	1.3714466625121606	0.0014124293785310734	0.0
article shall have	1.0986122886681098	0.2061393874862581	0.45402575641284726	0.0014124293785310734	7.513148009015778E-4
article 7 exists	0.6931471805599453	0.5321918853577666	-0.7295148287442598	0.0	7.513148009015778E-4
article 383 files	0.6931471805599453	0.5321918853577666	-0.7295148287442598	0.0	7.513148009015778E-4
article 602 ii	0.6931471805599453	0.5321918853577666	-0.7295148287442598	0.0	7.513148009015778E-4
article 887 or	0.6931471805599453	0.5321918853577666	-0.7295148287442598	0.0	7.513148009015778E-4
article 15 or	0.6931471805599453	0.5321918853577666	-0.7295148287442598	0.0	7.513148009015778E-4
article 'oral	0.6931471805599453	0.5321918853577666	-0.7295148287442598	0.0	7.513148009015778E-4
article through article	0.6931471805599453	0.5321918853577666	-0.7295148287442598	0.0	7.513148009015778E-4
arrangement	1.0986122886681098	1.8808659481157444	1.3714466625121606	0.0014124293785310734	0.0
article 739 applied	0.6931471805599453	2.1319057736788767	-1.4601047132582226	0.0	0.003005259203606311
are common to	1.0986122886681098	1.8808659481157444	1.3714466625121606	0.0014124293785310734	0.0
articles 766	0.6931471805599453	1.0649062958852513	-1.0319429712369046	0.0	0.0015026296018031556
article any of	0.6931471805599453	0.5321918853577666	-0.7295148287442598	0.0	7.513148009015778E-4
article 129 shall	0.6931471805599453	0.5321918853577666	-0.7295148287442598	0.0	7.513148009015778E-4
article 876-9 are	0.6931471805599453	0.5321918853577666	-0.7295148287442598	0.0	7.513148009015778E-4
are other	0.6931471805599453	0.5321918853577666	-0.7295148287442598	0.0	7.513148009015778E-4
article 851 shall	0.6931471805599453	1.0649062958852513	-1.0319429712369046	0.0	0.0015026296018031556
article he	1.0986122886681098	0.2061393874862581	0.45402575641284726	0.0014124293785310734	7.513148009015778E-4
article 876-4	0.6931471805599453	0.5321918853577666	-0.7295148287442598	0.0	7.513148009015778E-4
article 876-5	0.6931471805599453	0.5321918853577666	-0.7295148287442598	0.0	7.513148009015778E-4
article those customs	0.6931471805599453	0.5321918853577666	-0.7295148287442598	0.0	7.513148009015778E-4
are insufficient	0.6931471805599453	0.5321918853577666	-0.7295148287442598	0.0	7.513148009015778E-4
area of	0.6931471805599453	1.0649062958852513	-1.0319429712369046	0.0	0.0015026296018031556
are specified	1.0986122886681098	0.2061393874862581	0.45402575641284726	0.0014124293785310734	7.513148009015778E-4
article 650 excluding	1.0986122886681098	1.8808659481157444	1.3714466625121606	0.0014124293785310734	0.0
article 876-9	0.6931471805599453	1.0649062958852513	-1.0319429712369046	0.0	0.0015026296018031556
are the delivery	1.0986122886681098	1.8808659481157444	1.3714466625121606	0.0014124293785310734	0.0
are required	1.0986122886681098	1.8808659481157444	1.3714466625121606	0.0014124293785310734	0.0
article 561 through	1.0986122886681098	1.8808659481157444	1.3714466625121606	0.0014124293785310734	0.0
are severed from	0.6931471805599453	0.5321918853577666	-0.7295148287442598	0.0	7.513148009015778E-4
are deemed	1.0986122886681098	1.8808659481157444	1.3714466625121606	0.0014124293785310734	0.0
arts and sciences	0.6931471805599453	0.5321918853577666	-0.7295148287442598	0.0	7.513148009015778E-4
are cases when	1.0986122886681098	1.8808659481157444	1.3714466625121606	0.0014124293785310734	0.0
articles of incorporation	0.6931471805599453	1.0649062958852513	-1.0319429712369046	0.0	0.0015026296018031556
arbitration act	0.6931471805599453	0.5321918853577666	-0.7295148287442598	0.0	7.513148009015778E-4
articles 1011 to	0.6931471805599453	0.5321918853577666	-0.7295148287442598	0.0	7.513148009015778E-4
article 876-5 shall	0.6931471805599453	0.5321918853577666	-0.7295148287442598	0.0	7.513148009015778E-4
article 772 a	0.6931471805599453	0.5321918853577666	-0.7295148287442598	0.0	7.513148009015778E-4
article 819 or	0.6931471805599453	0.5321918853577666	-0.7295148287442598	0.0	7.513148009015778E-4
are two	0.6931471805599453	4.80860273952323	-2.1928526488396867	0.0	0.0067618332081141996
articles 744	0.6931471805599453	0.5321918853577666	-0.7295148287442598	0.0	7.513148009015778E-4
arrival to	1.3862943611198906	3.7635785981933108	1.9399944840625991	0.002824858757062147	0.0
arising from that	1.0986122886681098	1.8808659481157444	1.3714466625121606	0.0014124293785310734	0.0
are assumed	0.6931471805599453	0.5321918853577666	-0.7295148287442598	0.0	7.513148009015778E-4
article 296 article	0.6931471805599453	0.5321918853577666	-0.7295148287442598	0.0	7.513148009015778E-4
arisen with respect	0.6931471805599453	0.5321918853577666	-0.7295148287442598	0.0	7.513148009015778E-4
are delegated to	1.0986122886681098	1.8808659481157444	1.3714466625121606	0.0014124293785310734	0.0
article 851 article	0.6931471805599453	1.0649062958852513	-1.0319429712369046	0.0	0.0015026296018031556
are to give	0.6931471805599453	0.5321918853577666	-0.7295148287442598	0.0	7.513148009015778E-4
are grounds	1.0986122886681098	1.8808659481157444	1.3714466625121606	0.0014124293785310734	0.0
article 850	0.6931471805599453	1.0649062958852513	-1.0319429712369046	0.0	0.0015026296018031556
article 851	0.6931471805599453	1.0649062958852513	-1.0319429712369046	0.0	0.0015026296018031556
article 799 and	0.6931471805599453	0.5321918853577666	-0.7295148287442598	0.0	7.513148009015778E-4
are established	0.6931471805599453	0.5321918853577666	-0.7295148287442598	0.0	7.513148009015778E-4
article if a	0.6931471805599453	0.5321918853577666	-0.7295148287442598	0.0	7.513148009015778E-4
are heirs	0.6931471805599453	1.0649062958852513	-1.0319429712369046	0.0	0.0015026296018031556
arrives along	0.6931471805599453	0.5321918853577666	-0.7295148287442598	0.0	7.513148009015778E-4
article the seller	1.0986122886681098	1.8808659481157444	1.3714466625121606	0.0014124293785310734	0.0
are pending	1.0986122886681098	1.8808659481157444	1.3714466625121606	0.0014124293785310734	0.0
article 296 shall	0.6931471805599453	0.5321918853577666	-0.7295148287442598	0.0	7.513148009015778E-4
arrival referred to	1.3862943611198906	3.7635785981933108	1.9399944840625991	0.002824858757062147	0.0
article 862 shall	0.6931471805599453	1.598144001511486	-1.2641772033664764	0.0	0.002253944402704733
article 617	1.0986122886681098	1.8808659481157444	1.3714466625121606	0.0014124293785310734	0.0
arrived due to	1.0986122886681098	1.8808659481157444	1.3714466625121606	0.0014124293785310734	0.0
article 600	1.0986122886681098	1.8808659481157444	1.3714466625121606	0.0014124293785310734	0.0
article 843	0.6931471805599453	2.6661923853469234	-1.6328479369944169	0.0	0.003756574004507889
article 602	0.6931471805599453	1.0649062958852513	-1.0319429712369046	0.0	0.0015026296018031556
article 844	0.6931471805599453	2.6661923853469234	-1.6328479369944169	0.0	0.003756574004507889
article 840	0.6931471805599453	0.5321918853577666	-0.7295148287442598	0.0	7.513148009015778E-4
are insufficient funds	0.6931471805599453	0.5321918853577666	-0.7295148287442598	0.0	7.513148009015778E-4
article 500 if	1.0986122886681098	1.8808659481157444	1.3714466625121606	0.0014124293785310734	0.0
arose from	0.6931471805599453	2.1319057736788767	-1.4601047132582226	0.0	0.003005259203606311
article 646 paragraph	0.6931471805599453	0.5321918853577666	-0.7295148287442598	0.0	7.513148009015778E-4
are installed after	0.6931471805599453	0.5321918853577666	-0.7295148287442598	0.0	7.513148009015778E-4
article 372 provided	0.6931471805599453	0.5321918853577666	-0.7295148287442598	0.0	7.513148009015778E-4
article 846	0.6931471805599453	1.598144001511486	-1.2641772033664764	0.0	0.002253944402704733
article 847	0.6931471805599453	1.598144001511486	-1.2641772033664764	0.0	0.002253944402704733
article 817-2 shall	0.6931471805599453	0.5321918853577666	-0.7295148287442598	0.0	7.513148009015778E-4
arising from	0.8109302162163288	0.9610483587986087	-0.9803307394948956	0.002824858757062147	0.006010518407212622
article 17 or	0.6931471805599453	0.5321918853577666	-0.7295148287442598	0.0	7.513148009015778E-4
arrival if the	1.0986122886681098	1.8808659481157444	1.3714466625121606	0.0014124293785310734	0.0
article 634	1.3862943611198906	3.7635785981933108	1.9399944840625991	0.002824858757062147	0.0
article 635	1.0986122886681098	1.8808659481157444	1.3714466625121606	0.0014124293785310734	0.0
articles 488 to	1.0986122886681098	1.8808659481157444	1.3714466625121606	0.0014124293785310734	0.0
article 871	0.6931471805599453	1.0649062958852513	-1.0319429712369046	0.0	0.0015026296018031556
article 872	0.6931471805599453	0.5321918853577666	-0.7295148287442598	0.0	7.513148009015778E-4
are made	0.6931471805599453	1.0649062958852513	-1.0319429712369046	0.0	0.0015026296018031556
article 873	0.6931471805599453	1.0649062958852513	-1.0319429712369046	0.0	0.0015026296018031556
are rights	1.0986122886681098	0.2061393874862581	0.45402575641284726	0.0014124293785310734	7.513148009015778E-4
articles of	0.6931471805599453	1.0649062958852513	-1.0319429712369046	0.0	0.0015026296018031556
article 870	0.6931471805599453	1.0649062958852513	-1.0319429712369046	0.0	0.0015026296018031556
article 566 and	1.0986122886681098	1.8808659481157444	1.3714466625121606	0.0014124293785310734	0.0
articles 820 to	0.6931471805599453	0.5321918853577666	-0.7295148287442598	0.0	7.513148009015778E-4
article 817-2	0.6931471805599453	1.0649062958852513	-1.0319429712369046	0.0	0.0015026296018031556
article 817-3	0.6931471805599453	0.5321918853577666	-0.7295148287442598	0.0	7.513148009015778E-4
article the counterparty	0.6931471805599453	0.5321918853577666	-0.7295148287442598	0.0	7.513148009015778E-4
are registered	0.6931471805599453	1.0649062958852513	-1.0319429712369046	0.0	0.0015026296018031556
article partners	1.0986122886681098	1.8808659481157444	1.3714466625121606	0.0014124293785310734	0.0
article 637	1.0986122886681098	1.8808659481157444	1.3714466625121606	0.0014124293785310734	0.0
article 624	1.3862943611198906	3.7635785981933108	1.9399944840625991	0.002824858757062147	0.0
arise unless	0.6931471805599453	1.0649062958852513	-1.0319429712369046	0.0	0.0015026296018031556
article shall belong	0.6931471805599453	0.5321918853577666	-0.7295148287442598	0.0	7.513148009015778E-4
article the advertiser	1.0986122886681098	1.8808659481157444	1.3714466625121606	0.0014124293785310734	0.0
article 861	0.6931471805599453	2.6661923853469234	-1.6328479369944169	0.0	0.003756574004507889
article 620	1.6094379124341003	5.648140671306317	2.3765817198881076	0.00423728813559322	0.0
article 862	0.6931471805599453	2.6661923853469234	-1.6328479369944169	0.0	0.003756574004507889
article 863	0.6931471805599453	1.0649062958852513	-1.0319429712369046	0.0	0.0015026296018031556
are due and	1.0986122886681098	1.8808659481157444	1.3714466625121606	0.0014124293785310734	0.0
are not a	0.6931471805599453	2.1319057736788767	-1.4601047132582226	0.0	0.003005259203606311
article 196 provided	1.3862943611198906	3.7635785981933108	1.9399944840625991	0.002824858757062147	0.0
are regarded	0.8472978603872037	0.16715827561327312	-0.4088499426602297	0.0014124293785310734	0.002253944402704733
article 583 shall	1.0986122886681098	1.8808659481157444	1.3714466625121606	0.0014124293785310734	0.0
article 817-9	0.6931471805599453	1.0649062958852513	-1.0319429712369046	0.0	0.0015026296018031556
are heirs the	0.6931471805599453	0.5321918853577666	-0.7295148287442598	0.0	7.513148009015778E-4
article 654 article	0.6931471805599453	2.6661923853469234	-1.6328479369944169	0.0	0.003756574004507889
article 627	1.3862943611198906	3.7635785981933108	1.9399944840625991	0.002824858757062147	0.0
article the location	0.6931471805599453	0.5321918853577666	-0.7295148287442598	0.0	7.513148009015778E-4
are distributed	0.6931471805599453	0.5321918853577666	-0.7295148287442598	0.0	7.513148009015778E-4
article 816 shall	0.6931471805599453	0.5321918853577666	-0.7295148287442598	0.0	7.513148009015778E-4
article 811	0.6931471805599453	1.0649062958852513	-1.0319429712369046	0.0	0.0015026296018031556
article 68-3 of	0.6931471805599453	0.5321918853577666	-0.7295148287442598	0.0	7.513148009015778E-4
are able	0.6931471805599453	0.5321918853577666	-0.7295148287442598	0.0	7.513148009015778E-4
article 446 shall	1.3862943611198906	3.7635785981933108	1.9399944840625991	0.002824858757062147	0.0
arise from the	1.0986122886681098	0.4126839629577472	0.6424048279377632	0.002824858757062147	0.0015026296018031556
article 968 and	0.6931471805599453	0.5321918853577666	-0.7295148287442598	0.0	7.513148009015778E-4
article the lessee	1.0986122886681098	1.8808659481157444	1.3714466625121606	0.0014124293785310734	0.0
arrives after	1.3862943611198906	1.352558328650733	1.1629954121365795	0.002824858757062147	7.513148009015778E-4
article 583 in	1.0986122886681098	1.8808659481157444	1.3714466625121606	0.0014124293785310734	0.0
article 634 within	1.0986122886681098	1.8808659481157444	1.3714466625121606	0.0014124293785310734	0.0
article 819	0.6931471805599453	1.0649062958852513	-1.0319429712369046	0.0	0.0015026296018031556
article 816	0.6931471805599453	0.5321918853577666	-0.7295148287442598	0.0	7.513148009015778E-4
are a couple	0.6931471805599453	2.1319057736788767	-1.4601047132582226	0.0	0.003005259203606311
article 941 provided	0.6931471805599453	0.5321918853577666	-0.7295148287442598	0.0	7.513148009015778E-4
article 647 shall	1.0986122886681098	1.8808659481157444	1.3714466625121606	0.0014124293785310734	0.0
arrives prior	0.6931471805599453	0.5321918853577666	-0.7295148287442598	0.0	7.513148009015778E-4
articles 804	0.6931471805599453	0.5321918853577666	-0.7295148287442598	0.0	7.513148009015778E-4
arose under the	0.6931471805599453	0.5321918853577666	-0.7295148287442598	0.0	7.513148009015778E-4
arbitrate referring to	0.6931471805599453	0.5321918853577666	-0.7295148287442598	0.0	7.513148009015778E-4
arises through	0.6931471805599453	0.5321918853577666	-0.7295148287442598	0.0	7.513148009015778E-4
arise if a	0.6931471805599453	0.5321918853577666	-0.7295148287442598	0.0	7.513148009015778E-4
are delegated	1.0986122886681098	1.8808659481157444	1.3714466625121606	0.0014124293785310734	0.0
article 832	0.6931471805599453	1.598144001511486	-1.2641772033664764	0.0	0.002253944402704733
article 834	0.6931471805599453	0.5321918853577666	-0.7295148287442598	0.0	7.513148009015778E-4
article 830	0.6931471805599453	0.5321918853577666	-0.7295148287442598	0.0	7.513148009015778E-4
arise or if	0.6931471805599453	0.5321918853577666	-0.7295148287442598	0.0	7.513148009015778E-4
arise in	0.6931471805599453	0.5321918853577666	-0.7295148287442598	0.0	7.513148009015778E-4
article 843 article	0.6931471805599453	1.598144001511486	-1.2641772033664764	0.0	0.002253944402704733
article thereby	0.6931471805599453	0.5321918853577666	-0.7295148287442598	0.0	7.513148009015778E-4
article 728 or	0.6931471805599453	0.5321918853577666	-0.7295148287442598	0.0	7.513148009015778E-4
arrive before the	1.0986122886681098	1.8808659481157444	1.3714466625121606	0.0014124293785310734	0.0
arise if	0.6931471805599453	1.0649062958852513	-1.0319429712369046	0.0	0.0015026296018031556
article 976 to	0.6931471805599453	0.5321918853577666	-0.7295148287442598	0.0	7.513148009015778E-4
arrived at	0.6931471805599453	0.5321918853577666	-0.7295148287442598	0.0	7.513148009015778E-4
article 820	0.6931471805599453	0.5321918853577666	-0.7295148287442598	0.0	7.513148009015778E-4
article 846 article	0.6931471805599453	1.598144001511486	-1.2641772033664764	0.0	0.002253944402704733
article the	0.9555114450274363	0.054871450731240105	0.23424655969990277	0.00847457627118644	0.007513148009015778
article without objection	1.0986122886681098	1.8808659481157444	1.3714466625121606	0.0014124293785310734	0.0
arrived due	1.0986122886681098	1.8808659481157444	1.3714466625121606	0.0014124293785310734	0.0
article 824	0.6931471805599453	1.598144001511486	-1.2641772033664764	0.0	0.002253944402704733
article 826	0.6931471805599453	0.5321918853577666	-0.7295148287442598	0.0	7.513148009015778E-4
article and	0.9162907318741551	0.0025594387191226107	-0.05059089561494845	0.0014124293785310734	0.0015026296018031556
article 774 shall	0.6931471805599453	0.5321918853577666	-0.7295148287442598	0.0	7.513148009015778E-4
arose and	0.6931471805599453	0.5321918853577666	-0.7295148287442598	0.0	7.513148009015778E-4
article 453	1.0986122886681098	1.8808659481157444	1.3714466625121606	0.0014124293785310734	0.0
article 312 through	0.6931471805599453	0.5321918853577666	-0.7295148287442598	0.0	7.513148009015778E-4
article 691	1.0986122886681098	1.8808659481157444	1.3714466625121606	0.0014124293785310734	0.0
arts and	0.6931471805599453	0.5321918853577666	-0.7295148287442598	0.0	7.513148009015778E-4
article 452	1.0986122886681098	1.8808659481157444	1.3714466625121606	0.0014124293785310734	0.0
article 210	0.6931471805599453	0.5321918853577666	-0.7295148287442598	0.0	7.513148009015778E-4
article other rights	0.6931471805599453	0.5321918853577666	-0.7295148287442598	0.0	7.513148009015778E-4
are incapable of	0.6931471805599453	0.5321918853577666	-0.7295148287442598	0.0	7.513148009015778E-4
arrived within the	1.0986122886681098	1.8808659481157444	1.3714466625121606	0.0014124293785310734	0.0
are common	1.0986122886681098	1.8808659481157444	1.3714466625121606	0.0014124293785310734	0.0
are real rights	0.6931471805599453	0.5321918853577666	-0.7295148287442598	0.0	7.513148009015778E-4
article 832 shall	0.6931471805599453	1.598144001511486	-1.2641772033664764	0.0	0.002253944402704733
article the person	0.6931471805599453	0.5321918853577666	-0.7295148287442598	0.0	7.513148009015778E-4
article 446	1.3862943611198906	3.7635785981933108	1.9399944840625991	0.002824858757062147	0.0
article is deaf	0.6931471805599453	0.5321918853577666	-0.7295148287442598	0.0	7.513148009015778E-4
article 689	1.0986122886681098	1.8808659481157444	1.3714466625121606	0.0014124293785310734	0.0
article 162 shall	0.6931471805599453	0.5321918853577666	-0.7295148287442598	0.0	7.513148009015778E-4
article 733 if	0.6931471805599453	1.0649062958852513	-1.0319429712369046	0.0	0.0015026296018031556
article 442	1.0986122886681098	1.8808659481157444	1.3714466625121606	0.0014124293785310734	0.0
article 398-4 shall	0.6931471805599453	1.0649062958852513	-1.0319429712369046	0.0	0.0015026296018031556
arising	0.8754687373538999	0.23534331823883736	-0.4851219622309809	0.005649717514124294	0.007513148009015778
arrival referred	1.3862943611198906	3.7635785981933108	1.9399944840625991	0.002824858757062147	0.0
article 443	1.3862943611198906	3.7635785981933108	1.9399944840625991	0.002824858757062147	0.0
arise	0.8574502318512216	0.5980485742284095	-0.7733360034476666	0.007062146892655367	0.010518407212622089
article 202	0.6931471805599453	0.5321918853577666	-0.7295148287442598	0.0	7.513148009015778E-4
article 624 1	1.0986122886681098	1.8808659481157444	1.3714466625121606	0.0014124293785310734	0.0
are reasonable grounds	0.6931471805599453	0.5321918853577666	-0.7295148287442598	0.0	7.513148009015778E-4
article ii if	0.6931471805599453	0.5321918853577666	-0.7295148287442598	0.0	7.513148009015778E-4
articles 766 to	0.6931471805599453	1.0649062958852513	-1.0319429712369046	0.0	0.0015026296018031556
article 427 shall	1.0986122886681098	1.8808659481157444	1.3714466625121606	0.0014124293785310734	0.0
article 537 against	1.0986122886681098	1.8808659481157444	1.3714466625121606	0.0014124293785310734	0.0
are effected	0.6931471805599453	0.5321918853577666	-0.7295148287442598	0.0	7.513148009015778E-4
article 398-16 shall	0.6931471805599453	0.5321918853577666	-0.7295148287442598	0.0	7.513148009015778E-4
article 976 shall	0.6931471805599453	0.5321918853577666	-0.7295148287442598	0.0	7.513148009015778E-4
article 627 even	1.0986122886681098	1.8808659481157444	1.3714466625121606	0.0014124293785310734	0.0
arose in the	0.6931471805599453	0.5321918853577666	-0.7295148287442598	0.0	7.513148009015778E-4
are so joined	0.6931471805599453	1.598144001511486	-1.2641772033664764	0.0	0.002253944402704733
article 859-2	0.6931471805599453	2.6661923853469234	-1.6328479369944169	0.0	0.003756574004507889
are unavoidable	2.0794415416798357	8.057647633838235	2.838599590262465	0.00847457627118644	7.513148009015778E-4
article 769 and	0.6931471805599453	0.5321918853577666	-0.7295148287442598	0.0	7.513148009015778E-4
article 891 or	0.6931471805599453	1.0649062958852513	-1.0319429712369046	0.0	0.0015026296018031556
are defective a	0.6931471805599453	0.5321918853577666	-0.7295148287442598	0.0	7.513148009015778E-4
article 859-3	0.6931471805599453	2.6661923853469234	-1.6328479369944169	0.0	0.003756574004507889
are married without	0.6931471805599453	0.5321918853577666	-0.7295148287442598	0.0	7.513148009015778E-4
article thereby precluding	0.6931471805599453	0.5321918853577666	-0.7295148287442598	0.0	7.513148009015778E-4
articles 392 and	0.6931471805599453	0.5321918853577666	-0.7295148287442598	0.0	7.513148009015778E-4
article it shall	0.6931471805599453	0.5321918853577666	-0.7295148287442598	0.0	7.513148009015778E-4
article 17 which	0.6931471805599453	0.5321918853577666	-0.7295148287442598	0.0	7.513148009015778E-4
article 844 to	0.6931471805599453	1.0649062958852513	-1.0319429712369046	0.0	0.0015026296018031556
articles 392	0.6931471805599453	0.5321918853577666	-0.7295148287442598	0.0	7.513148009015778E-4
article 97	1.0986122886681098	1.8808659481157444	1.3714466625121606	0.0014124293785310734	0.0
article 468	1.0986122886681098	1.8808659481157444	1.3714466625121606	0.0014124293785310734	0.0
article through	0.6931471805599453	0.5321918853577666	-0.7295148287442598	0.0	7.513148009015778E-4
article 229	0.6931471805599453	1.0649062958852513	-1.0319429712369046	0.0	0.0015026296018031556
article 733 may	0.6931471805599453	0.5321918853577666	-0.7295148287442598	0.0	7.513148009015778E-4
article 467	0.9162907318741551	0.0025594387191226107	-0.05059089561494845	0.0014124293785310734	0.0015026296018031556
article 225	0.6931471805599453	0.5321918853577666	-0.7295148287442598	0.0	7.513148009015778E-4
article 462	1.0986122886681098	1.8808659481157444	1.3714466625121606	0.0014124293785310734	0.0
arising from certain	0.6931471805599453	0.5321918853577666	-0.7295148287442598	0.0	7.513148009015778E-4
arises with respect	1.3862943611198906	3.7635785981933108	1.9399944840625991	0.002824858757062147	0.0
article are satisfied	0.6931471805599453	0.5321918853577666	-0.7295148287442598	0.0	7.513148009015778E-4
article any	1.0986122886681098	0.2061393874862581	0.45402575641284726	0.0014124293785310734	7.513148009015778E-4
article 465-3	1.0986122886681098	1.8808659481157444	1.3714466625121606	0.0014124293785310734	0.0
article 465-2	1.0986122886681098	1.8808659481157444	1.3714466625121606	0.0014124293785310734	0.0
are incapable	0.6931471805599453	1.0649062958852513	-1.0319429712369046	0.0	0.0015026296018031556
article 648 shall	0.6931471805599453	0.5321918853577666	-0.7295148287442598	0.0	7.513148009015778E-4
articles 380	0.6931471805599453	0.5321918853577666	-0.7295148287442598	0.0	7.513148009015778E-4
article 167 shall	0.6931471805599453	0.5321918853577666	-0.7295148287442598	0.0	7.513148009015778E-4
article 655	0.6931471805599453	4.272209009784849	-2.0669322702461366	0.0	0.006010518407212622
article 897	0.6931471805599453	0.5321918853577666	-0.7295148287442598	0.0	7.513148009015778E-4
article 551 shall	1.0986122886681098	1.8808659481157444	1.3714466625121606	0.0014124293785310734	0.0
article 731 may	0.6931471805599453	0.5321918853577666	-0.7295148287442598	0.0	7.513148009015778E-4
article 392 of	0.6931471805599453	0.5321918853577666	-0.7295148287442598	0.0	7.513148009015778E-4
article 654	0.6931471805599453	4.272209009784849	-2.0669322702461366	0.0	0.006010518407212622
articles 977 to	0.6931471805599453	0.5321918853577666	-0.7295148287442598	0.0	7.513148009015778E-4
article 443 shall	1.3862943611198906	3.7635785981933108	1.9399944840625991	0.002824858757062147	0.0
article 891	0.6931471805599453	1.598144001511486	-1.2641772033664764	0.0	0.002253944402704733
article 650	1.0986122886681098	0.6196349222471831	0.7871689286596512	0.00423728813559322	0.002253944402704733
are not performed	0.6931471805599453	0.5321918853577666	-0.7295148287442598	0.0	7.513148009015778E-4
arises due	1.0986122886681098	1.8808659481157444	1.3714466625121606	0.0014124293785310734	0.0
arrived within	1.0986122886681098	1.8808659481157444	1.3714466625121606	0.0014124293785310734	0.0
are incurred	0.6931471805599453	0.5321918853577666	-0.7295148287442598	0.0	7.513148009015778E-4
arise or	0.6931471805599453	0.5321918853577666	-0.7295148287442598	0.0	7.513148009015778E-4
article 811 and	0.6931471805599453	0.5321918853577666	-0.7295148287442598	0.0	7.513148009015778E-4
article those	0.6931471805599453	0.5321918853577666	-0.7295148287442598	0.0	7.513148009015778E-4
are not registered	0.6931471805599453	1.0649062958852513	-1.0319429712369046	0.0	0.0015026296018031556
article 597 and	1.0986122886681098	1.8808659481157444	1.3714466625121606	0.0014124293785310734	0.0
article 417	1.0986122886681098	1.8808659481157444	1.3714466625121606	0.0014124293785310734	0.0
arises due to	1.0986122886681098	1.8808659481157444	1.3714466625121606	0.0014124293785310734	0.0
article 402	1.0986122886681098	1.8808659481157444	1.3714466625121606	0.0014124293785310734	0.0
article 644	0.6931471805599453	3.2010046109959522	-1.7891351572745844	0.0	0.004507888805409466
article 886	0.6931471805599453	0.5321918853577666	-0.7295148287442598	0.0	7.513148009015778E-4
article 645	0.9162907318741551	0.0025594387191226107	-0.05059089561494845	0.0014124293785310734	0.0015026296018031556
article 887	0.6931471805599453	2.6661923853469234	-1.6328479369944169	0.0	0.003756574004507889
article 646	1.0986122886681098	0.4126839629577472	0.6424048279377632	0.002824858757062147	0.0015026296018031556
article 647	1.0986122886681098	1.8808659481157444	1.3714466625121606	0.0014124293785310734	0.0
article 889	0.6931471805599453	0.5321918853577666	-0.7295148287442598	0.0	7.513148009015778E-4
article 401	1.0986122886681098	1.8808659481157444	1.3714466625121606	0.0014124293785310734	0.0
article 183 of	0.6931471805599453	0.5321918853577666	-0.7295148287442598	0.0	7.513148009015778E-4
article 242 through	0.6931471805599453	1.0649062958852513	-1.0319429712369046	0.0	0.0015026296018031556
article 770 shall	0.6931471805599453	0.5321918853577666	-0.7295148287442598	0.0	7.513148009015778E-4
article 927 and	0.6931471805599453	0.5321918853577666	-0.7295148287442598	0.0	7.513148009015778E-4
article 927 shall	0.6931471805599453	1.0649062958852513	-1.0319429712369046	0.0	0.0015026296018031556
arises through a	0.6931471805599453	0.5321918853577666	-0.7295148287442598	0.0	7.513148009015778E-4
article 423 the	1.0986122886681098	1.8808659481157444	1.3714466625121606	0.0014124293785310734	0.0
article 648	0.6931471805599453	0.5321918853577666	-0.7295148287442598	0.0	7.513148009015778E-4
article 7 or	0.6931471805599453	0.5321918853577666	-0.7295148287442598	0.0	7.513148009015778E-4
article 796 provided	0.6931471805599453	0.5321918853577666	-0.7295148287442598	0.0	7.513148009015778E-4
are the	1.0498221244986776	0.7542379427805159	0.8684687344864614	0.00847457627118644	0.005259203606311044
are evident prior	0.6931471805599453	0.5321918853577666	-0.7295148287442598	0.0	7.513148009015778E-4
arise in the	0.6931471805599453	0.5321918853577666	-0.7295148287442598	0.0	7.513148009015778E-4
article 654 and	0.6931471805599453	1.598144001511486	-1.2641772033664764	0.0	0.002253944402704733
articles 442 to	1.0986122886681098	1.8808659481157444	1.3714466625121606	0.0014124293785310734	0.0
are in continuous	0.6931471805599453	0.5321918853577666	-0.7295148287442598	0.0	7.513148009015778E-4
article 840 and	0.6931471805599453	0.5321918853577666	-0.7295148287442598	0.0	7.513148009015778E-4
arrival	1.0560526742493137	0.9510503063807209	0.975218081446771	0.009887005649717515	0.006010518407212622
article 453 if	1.0986122886681098	1.8808659481157444	1.3714466625121606	0.0014124293785310734	0.0
are customs that	0.6931471805599453	2.6661923853469234	-1.6328479369944169	0.0	0.003756574004507889
are specified as	0.6931471805599453	0.5321918853577666	-0.7295148287442598	0.0	7.513148009015778E-4
are made with	0.6931471805599453	0.5321918853577666	-0.7295148287442598	0.0	7.513148009015778E-4
are regarded as	0.8472978603872037	0.16715827561327312	-0.4088499426602297	0.0014124293785310734	0.002253944402704733
article 670	1.0986122886681098	1.8808659481157444	1.3714466625121606	0.0014124293785310734	0.0
articles 243 to	0.6931471805599453	0.5321918853577666	-0.7295148287442598	0.0	7.513148009015778E-4
articles 744 to	0.6931471805599453	0.5321918853577666	-0.7295148287442598	0.0	7.513148009015778E-4
article 672	1.0986122886681098	1.8808659481157444	1.3714466625121606	0.0014124293785310734	0.0
article inclusive	1.0986122886681098	0.2061393874862581	0.45402575641284726	0.0014124293785310734	7.513148009015778E-4
are already with	0.6931471805599453	0.5321918853577666	-0.7295148287442598	0.0	7.513148009015778E-4
are due the	1.0986122886681098	1.8808659481157444	1.3714466625121606	0.0014124293785310734	0.0
are specified solely	1.0986122886681098	1.8808659481157444	1.3714466625121606	0.0014124293785310734	0.0
article 645 through	1.0986122886681098	1.8808659481157444	1.3714466625121606	0.0014124293785310734	0.0
articles 943 to	0.6931471805599453	0.5321918853577666	-0.7295148287442598	0.0	7.513148009015778E-4
article 229 to	0.6931471805599453	0.5321918853577666	-0.7295148287442598	0.0	7.513148009015778E-4
articles 192	0.6931471805599453	0.5321918853577666	-0.7295148287442598	0.0	7.513148009015778E-4
article the parties	1.0986122886681098	1.8808659481157444	1.3714466625121606	0.0014124293785310734	0.0
articles 27	0.6931471805599453	2.6661923853469234	-1.6328479369944169	0.0	0.003756574004507889
article he she	1.0986122886681098	0.2061393874862581	0.45402575641284726	0.0014124293785310734	7.513148009015778E-4
article 424	1.0986122886681098	0.2061393874862581	0.45402575641284726	0.0014124293785310734	7.513148009015778E-4
article inclusive any	1.0986122886681098	1.8808659481157444	1.3714466625121606	0.0014124293785310734	0.0
article 427	1.0986122886681098	1.8808659481157444	1.3714466625121606	0.0014124293785310734	0.0
article 442 shall	1.0986122886681098	1.8808659481157444	1.3714466625121606	0.0014124293785310734	0.0
are incapable or	0.6931471805599453	0.5321918853577666	-0.7295148287442598	0.0	7.513148009015778E-4
article 423	1.0986122886681098	1.8808659481157444	1.3714466625121606	0.0014124293785310734	0.0
article 830 shall	0.6931471805599453	0.5321918853577666	-0.7295148287442598	0.0	7.513148009015778E-4
article it is	0.6931471805599453	0.5321918853577666	-0.7295148287442598	0.0	7.513148009015778E-4
article 63	0.6931471805599453	0.5321918853577666	-0.7295148287442598	0.0	7.513148009015778E-4
article 819 shall	0.6931471805599453	0.5321918853577666	-0.7295148287442598	0.0	7.513148009015778E-4
article 907 or	0.6931471805599453	0.5321918853577666	-0.7295148287442598	0.0	7.513148009015778E-4
article 650 paragraphs	0.6931471805599453	0.5321918853577666	-0.7295148287442598	0.0	7.513148009015778E-4
