1 000	1.0986122886681098	1.8808659481157444	1.3714466625121606	0.0014124293785310734	0.0
1 the	1.6094379124341003	5.648140671306317	2.3765817198881076	0.00423728813559322	0.0
1 1	0.6931471805599453	0.5321918853577666	-0.7295148287442598	0.0	7.513148009015778E-4
1 shall apply	1.3862943611198906	3.7635785981933108	1.9399944840625991	0.002824858757062147	0.0
1 if the	0.6931471805599453	0.5321918853577666	-0.7295148287442598	0.0	7.513148009015778E-4
1 month prior	1.0986122886681098	1.8808659481157444	1.3714466625121606	0.0014124293785310734	0.0
1 must	0.6931471805599453	0.5321918853577666	-0.7295148287442598	0.0	7.513148009015778E-4
1 shall	1.0986122886681098	0.4126839629577472	0.6424048279377632	0.002824858757062147	0.0015026296018031556
1 1 if	0.6931471805599453	0.5321918853577666	-0.7295148287442598	0.0	7.513148009015778E-4
1 and 2	0.6931471805599453	2.1319057736788767	-1.4601047132582226	0.0	0.003005259203606311
1 of article	0.7884573603642703	4.37961728938033	-2.0927535185444865	0.007062146892655367	0.018782870022539443
1 general	0.6931471805599453	0.5321918853577666	-0.7295148287442598	0.0	7.513148009015778E-4
1 of the	0.8266785731844679	1.252027628196915	-1.118940404220401	0.005649717514124294	0.010518407212622089
1 or paragraph	1.0986122886681098	1.8808659481157444	1.3714466625121606	0.0014124293785310734	0.0
1 and paragraph	0.6931471805599453	1.0649062958852513	-1.0319429712369046	0.0	0.0015026296018031556
1 article	0.6931471805599453	0.5321918853577666	-0.7295148287442598	0.0	7.513148009015778E-4
1 in this	0.6931471805599453	0.5321918853577666	-0.7295148287442598	0.0	7.513148009015778E-4
1 article 2	0.6931471805599453	0.5321918853577666	-0.7295148287442598	0.0	7.513148009015778E-4
1 000 000	1.0986122886681098	1.8808659481157444	1.3714466625121606	0.0014124293785310734	0.0
1 paragraph	0.6931471805599453	0.5321918853577666	-0.7295148287442598	0.0	7.513148009015778E-4
1 the defendant	1.6094379124341003	5.648140671306317	2.3765817198881076	0.00423728813559322	0.0
1 is not	0.6931471805599453	1.0649062958852513	-1.0319429712369046	0.0	0.0015026296018031556
1 above	0.6931471805599453	0.5321918853577666	-0.7295148287442598	0.0	7.513148009015778E-4
1 if person	0.6931471805599453	0.5321918853577666	-0.7295148287442598	0.0	7.513148009015778E-4
1 in	0.6931471805599453	1.598144001511486	-1.2641772033664764	0.0	0.002253944402704733
1 or	1.0986122886681098	1.8808659481157444	1.3714466625121606	0.0014124293785310734	0.0
1 and	0.6931471805599453	3.2010046109959522	-1.7891351572745844	0.0	0.004507888805409466
1 is	0.6931471805599453	1.598144001511486	-1.2641772033664764	0.0	0.002253944402704733
1 of	0.8050650967639307	5.148105048167483	-2.268943597396701	0.012711864406779662	0.028549962434259956
1 month	1.0986122886681098	1.8808659481157444	1.3714466625121606	0.0014124293785310734	0.0
1 is deaf	0.6931471805599453	0.5321918853577666	-0.7295148287442598	0.0	7.513148009015778E-4
1 shall be	0.6931471805599453	1.0649062958852513	-1.0319429712369046	0.0	0.0015026296018031556
1 in whole	0.6931471805599453	0.5321918853577666	-0.7295148287442598	0.0	7.513148009015778E-4
1 in cases	0.6931471805599453	0.5321918853577666	-0.7295148287442598	0.0	7.513148009015778E-4
1 of chapter	0.6931471805599453	0.5321918853577666	-0.7295148287442598	0.0	7.513148009015778E-4
1 if	0.6931471805599453	1.0649062958852513	-1.0319429712369046	0.0	0.0015026296018031556
1 must be	0.6931471805599453	0.5321918853577666	-0.7295148287442598	0.0	7.513148009015778E-4
1 general provisions	0.6931471805599453	0.5321918853577666	-0.7295148287442598	0.0	7.513148009015778E-4
1 paragraph 3	0.6931471805599453	0.5321918853577666	-0.7295148287442598	0.0	7.513148009015778E-4
1 above in	0.6931471805599453	0.5321918853577666	-0.7295148287442598	0.0	7.513148009015778E-4
