1022	0.6931471805599453	0.5321918853577666	-0.7295148287442598	0.0	7.513148009015778E-4
10 years consistent	0.6931471805599453	0.5321918853577666	-0.7295148287442598	0.0	7.513148009015778E-4
105 and paragraph	1.0986122886681098	1.8808659481157444	1.3714466625121606	0.0014124293785310734	0.0
1024 inclusive	0.6931471805599453	0.5321918853577666	-0.7295148287442598	0.0	7.513148009015778E-4
1022 to	0.6931471805599453	0.5321918853577666	-0.7295148287442598	0.0	7.513148009015778E-4
105 to the	0.6931471805599453	0.5321918853577666	-0.7295148287442598	0.0	7.513148009015778E-4
10 years ii	1.0986122886681098	1.8808659481157444	1.3714466625121606	0.0014124293785310734	0.0
1013	0.6931471805599453	0.5321918853577666	-0.7295148287442598	0.0	7.513148009015778E-4
105 and	1.0986122886681098	1.8808659481157444	1.3714466625121606	0.0014124293785310734	0.0
1024 inclusive shall	0.6931471805599453	0.5321918853577666	-0.7295148287442598	0.0	7.513148009015778E-4
1013 inclusive	0.6931471805599453	0.5321918853577666	-0.7295148287442598	0.0	7.513148009015778E-4
10	0.8472978603872037	0.16715827561327312	-0.4088499426602297	0.0014124293785310734	0.002253944402704733
109 of	0.6931471805599453	0.5321918853577666	-0.7295148287442598	0.0	7.513148009015778E-4
109 of 1996	0.6931471805599453	0.5321918853577666	-0.7295148287442598	0.0	7.513148009015778E-4
10 years peacefully	0.6931471805599453	0.5321918853577666	-0.7295148287442598	0.0	7.513148009015778E-4
1011 to 1013	0.6931471805599453	0.5321918853577666	-0.7295148287442598	0.0	7.513148009015778E-4
1029 deliver	0.6931471805599453	0.5321918853577666	-0.7295148287442598	0.0	7.513148009015778E-4
107 shall apply	1.0986122886681098	1.8808659481157444	1.3714466625121606	0.0014124293785310734	0.0
1029 deliver the	0.6931471805599453	0.5321918853577666	-0.7295148287442598	0.0	7.513148009015778E-4
103 he she	0.6931471805599453	0.5321918853577666	-0.7295148287442598	0.0	7.513148009015778E-4
1011	0.6931471805599453	0.5321918853577666	-0.7295148287442598	0.0	7.513148009015778E-4
107 shall	1.0986122886681098	1.8808659481157444	1.3714466625121606	0.0014124293785310734	0.0
10 years	0.8472978603872037	0.16715827561327312	-0.4088499426602297	0.0014124293785310734	0.002253944402704733
1013 inclusive shall	0.6931471805599453	0.5321918853577666	-0.7295148287442598	0.0	7.513148009015778E-4
103 he	0.6931471805599453	0.5321918853577666	-0.7295148287442598	0.0	7.513148009015778E-4
1022 to 1024	0.6931471805599453	0.5321918853577666	-0.7295148287442598	0.0	7.513148009015778E-4
1029	0.6931471805599453	0.5321918853577666	-0.7295148287442598	0.0	7.513148009015778E-4
103	0.6931471805599453	0.5321918853577666	-0.7295148287442598	0.0	7.513148009015778E-4
105	1.0986122886681098	0.2061393874862581	0.45402575641284726	0.0014124293785310734	7.513148009015778E-4
1024	0.6931471805599453	0.5321918853577666	-0.7295148287442598	0.0	7.513148009015778E-4
107	1.0986122886681098	1.8808659481157444	1.3714466625121606	0.0014124293785310734	0.0
109	0.6931471805599453	0.5321918853577666	-0.7295148287442598	0.0	7.513148009015778E-4
1011 to	0.6931471805599453	0.5321918853577666	-0.7295148287442598	0.0	7.513148009015778E-4
105 to	0.6931471805599453	0.5321918853577666	-0.7295148287442598	0.0	7.513148009015778E-4
