126 inclusive	0.6931471805599453	1.598144001511486	-1.2641772033664764	0.0	0.002253944402704733
126 inclusive shall	0.6931471805599453	0.5321918853577666	-0.7295148287442598	0.0	7.513148009015778E-4
128 and	0.6931471805599453	0.5321918853577666	-0.7295148287442598	0.0	7.513148009015778E-4
120 ratifies it	0.6931471805599453	0.5321918853577666	-0.7295148287442598	0.0	7.513148009015778E-4
121 to 126	0.6931471805599453	1.598144001511486	-1.2641772033664764	0.0	0.002253944402704733
129 shall apply	0.6931471805599453	0.5321918853577666	-0.7295148287442598	0.0	7.513148009015778E-4
120 ratifies	0.6931471805599453	0.5321918853577666	-0.7295148287442598	0.0	7.513148009015778E-4
120	0.6931471805599453	0.5321918853577666	-0.7295148287442598	0.0	7.513148009015778E-4
121	0.6931471805599453	1.598144001511486	-1.2641772033664764	0.0	0.002253944402704733
123 of	0.6931471805599453	0.5321918853577666	-0.7295148287442598	0.0	7.513148009015778E-4
123	0.6931471805599453	0.5321918853577666	-0.7295148287442598	0.0	7.513148009015778E-4
129 shall	0.6931471805599453	0.5321918853577666	-0.7295148287442598	0.0	7.513148009015778E-4
126	0.6931471805599453	1.598144001511486	-1.2641772033664764	0.0	0.002253944402704733
128	0.6931471805599453	0.5321918853577666	-0.7295148287442598	0.0	7.513148009015778E-4
129	0.6931471805599453	0.5321918853577666	-0.7295148287442598	0.0	7.513148009015778E-4
128 and article	0.6931471805599453	0.5321918853577666	-0.7295148287442598	0.0	7.513148009015778E-4
121 to	0.6931471805599453	1.598144001511486	-1.2641772033664764	0.0	0.002253944402704733
123 of 2004	0.6931471805599453	0.5321918853577666	-0.7295148287442598	0.0	7.513148009015778E-4
