15 years of	0.6931471805599453	3.2010046109959522	-1.7891351572745844	0.0	0.004507888805409466
15 an assistant	0.6931471805599453	0.5321918853577666	-0.7295148287442598	0.0	7.513148009015778E-4
15 an	0.6931471805599453	0.5321918853577666	-0.7295148287442598	0.0	7.513148009015778E-4
15 or	0.6931471805599453	0.5321918853577666	-0.7295148287442598	0.0	7.513148009015778E-4
15 or any	0.6931471805599453	0.5321918853577666	-0.7295148287442598	0.0	7.513148009015778E-4
15	0.6931471805599453	4.80860273952323	-2.1928526488396867	0.0	0.0067618332081141996
15 ceases	0.6931471805599453	0.5321918853577666	-0.7295148287442598	0.0	7.513148009015778E-4
152 of	0.6931471805599453	0.5321918853577666	-0.7295148287442598	0.0	7.513148009015778E-4
152 of 1947	0.6931471805599453	0.5321918853577666	-0.7295148287442598	0.0	7.513148009015778E-4
15 years	0.6931471805599453	3.2010046109959522	-1.7891351572745844	0.0	0.004507888805409466
15 ceases to	0.6931471805599453	0.5321918853577666	-0.7295148287442598	0.0	7.513148009015778E-4
152	0.6931471805599453	0.5321918853577666	-0.7295148287442598	0.0	7.513148009015778E-4
