167 shall	0.6931471805599453	0.5321918853577666	-0.7295148287442598	0.0	7.513148009015778E-4
167	1.0986122886681098	0.2061393874862581	0.45402575641284726	0.0014124293785310734	7.513148009015778E-4
167 shall commence	0.6931471805599453	0.5321918853577666	-0.7295148287442598	0.0	7.513148009015778E-4
16	0.6931471805599453	0.5321918853577666	-0.7295148287442598	0.0	7.513148009015778E-4
16 years	0.6931471805599453	0.5321918853577666	-0.7295148287442598	0.0	7.513148009015778E-4
162 shall be	0.6931471805599453	0.5321918853577666	-0.7295148287442598	0.0	7.513148009015778E-4
162 shall	0.6931471805599453	0.5321918853577666	-0.7295148287442598	0.0	7.513148009015778E-4
16 years of	0.6931471805599453	0.5321918853577666	-0.7295148287442598	0.0	7.513148009015778E-4
162	0.6931471805599453	0.5321918853577666	-0.7295148287442598	0.0	7.513148009015778E-4
163	0.6931471805599453	0.5321918853577666	-0.7295148287442598	0.0	7.513148009015778E-4
