178 of 1948	0.6931471805599453	0.5321918853577666	-0.7295148287442598	0.0	7.513148009015778E-4
17 or	0.6931471805599453	0.5321918853577666	-0.7295148287442598	0.0	7.513148009015778E-4
17 shall	0.6931471805599453	0.5321918853577666	-0.7295148287442598	0.0	7.513148009015778E-4
178	0.6931471805599453	0.5321918853577666	-0.7295148287442598	0.0	7.513148009015778E-4
17 which demands	0.6931471805599453	0.5321918853577666	-0.7295148287442598	0.0	7.513148009015778E-4
17	0.6931471805599453	2.1319057736788767	-1.4601047132582226	0.0	0.003005259203606311
17 shall not	0.6931471805599453	0.5321918853577666	-0.7295148287442598	0.0	7.513148009015778E-4
17 which	0.6931471805599453	0.5321918853577666	-0.7295148287442598	0.0	7.513148009015778E-4
178 of	0.6931471805599453	0.5321918853577666	-0.7295148287442598	0.0	7.513148009015778E-4
17 may after	0.6931471805599453	0.5321918853577666	-0.7295148287442598	0.0	7.513148009015778E-4
17 may	0.6931471805599453	0.5321918853577666	-0.7295148287442598	0.0	7.513148009015778E-4
17 or the	0.6931471805599453	0.5321918853577666	-0.7295148287442598	0.0	7.513148009015778E-4
