vested in the	1.252762968495368	1.4129077158088001	1.1886579473544103	0.00423728813559322	0.0015026296018031556
veranda at a	0.6931471805599453	0.5321918853577666	-0.7295148287442598	0.0	7.513148009015778E-4
vessel or	0.6931471805599453	0.5321918853577666	-0.7295148287442598	0.0	7.513148009015778E-4
vests in the	0.6931471805599453	1.0649062958852513	-1.0319429712369046	0.0	0.0015026296018031556
vertical dimension	0.6931471805599453	0.5321918853577666	-0.7295148287442598	0.0	7.513148009015778E-4
vertical	0.6931471805599453	0.5321918853577666	-0.7295148287442598	0.0	7.513148009015778E-4
vested in	1.252762968495368	1.4129077158088001	1.1886579473544103	0.00423728813559322	0.0015026296018031556
vested interest	0.6931471805599453	1.0649062958852513	-1.0319429712369046	0.0	0.0015026296018031556
vests	0.6931471805599453	1.0649062958852513	-1.0319429712369046	0.0	0.0015026296018031556
vested	1.0116009116784799	0.20504472849304264	0.4528186485703108	0.00423728813559322	0.003005259203606311
vessel or after	0.6931471805599453	0.5321918853577666	-0.7295148287442598	0.0	7.513148009015778E-4
veterinarian heal	1.0986122886681098	1.8808659481157444	1.3714466625121606	0.0014124293785310734	0.0
vertical dimension in	0.6931471805599453	0.5321918853577666	-0.7295148287442598	0.0	7.513148009015778E-4
vessel	0.6931471805599453	0.5321918853577666	-0.7295148287442598	0.0	7.513148009015778E-4
vested interest between	0.6931471805599453	1.0649062958852513	-1.0319429712369046	0.0	0.0015026296018031556
veranda at	0.6931471805599453	0.5321918853577666	-0.7295148287442598	0.0	7.513148009015778E-4
vessel which	0.6931471805599453	0.5321918853577666	-0.7295148287442598	0.0	7.513148009015778E-4
veranda	0.6931471805599453	0.5321918853577666	-0.7295148287442598	0.0	7.513148009015778E-4
vest in other	0.6931471805599453	0.5321918853577666	-0.7295148287442598	0.0	7.513148009015778E-4
vest	0.8873031950009027	0.09889547934629267	-0.3144765163669501	0.00423728813559322	0.005259203606311044
vests in	0.6931471805599453	1.0649062958852513	-1.0319429712369046	0.0	0.0015026296018031556
vest in	0.8873031950009027	0.09889547934629267	-0.3144765163669501	0.00423728813559322	0.005259203606311044
veterinarian	1.0986122886681098	1.8808659481157444	1.3714466625121606	0.0014124293785310734	0.0
vest in the	0.9162907318741551	0.007701010687882219	-0.08775540261364094	0.00423728813559322	0.004507888805409466
veterinarian heal it	1.0986122886681098	1.8808659481157444	1.3714466625121606	0.0014124293785310734	0.0
vessel which later	0.6931471805599453	0.5321918853577666	-0.7295148287442598	0.0	7.513148009015778E-4
