183 of	0.6931471805599453	0.5321918853577666	-0.7295148287442598	0.0	7.513148009015778E-4
180 of the	0.6931471805599453	0.5321918853577666	-0.7295148287442598	0.0	7.513148009015778E-4
180 of	0.6931471805599453	0.5321918853577666	-0.7295148287442598	0.0	7.513148009015778E-4
18	0.6931471805599453	2.6661923853469234	-1.6328479369944169	0.0	0.003756574004507889
180	0.6931471805599453	0.5321918853577666	-0.7295148287442598	0.0	7.513148009015778E-4
18 years old	0.6931471805599453	2.1319057736788767	-1.4601047132582226	0.0	0.003005259203606311
188 of	0.6931471805599453	0.5321918853577666	-0.7295148287442598	0.0	7.513148009015778E-4
183	0.6931471805599453	0.5321918853577666	-0.7295148287442598	0.0	7.513148009015778E-4
188 of the	0.6931471805599453	0.5321918853577666	-0.7295148287442598	0.0	7.513148009015778E-4
188	0.6931471805599453	0.5321918853577666	-0.7295148287442598	0.0	7.513148009015778E-4
18 years of	0.6931471805599453	0.5321918853577666	-0.7295148287442598	0.0	7.513148009015778E-4
18 years	0.6931471805599453	2.6661923853469234	-1.6328479369944169	0.0	0.003756574004507889
183 of the	0.6931471805599453	0.5321918853577666	-0.7295148287442598	0.0	7.513148009015778E-4
