1947 shall not	0.6931471805599453	0.5321918853577666	-0.7295148287442598	0.0	7.513148009015778E-4
192 through	0.6931471805599453	0.5321918853577666	-0.7295148287442598	0.0	7.513148009015778E-4
1951 or family	0.6931471805599453	0.5321918853577666	-0.7295148287442598	0.0	7.513148009015778E-4
1947 shall	0.6931471805599453	0.5321918853577666	-0.7295148287442598	0.0	7.513148009015778E-4
1951 or	0.6931471805599453	0.5321918853577666	-0.7295148287442598	0.0	7.513148009015778E-4
196 provided	1.3862943611198906	3.7635785981933108	1.9399944840625991	0.002824858757062147	0.0
192	0.6931471805599453	0.5321918853577666	-0.7295148287442598	0.0	7.513148009015778E-4
195	0.6931471805599453	0.5321918853577666	-0.7295148287442598	0.0	7.513148009015778E-4
196	1.3862943611198906	1.352558328650733	1.1629954121365795	0.002824858757062147	7.513148009015778E-4
1979 has	0.6931471805599453	0.5321918853577666	-0.7295148287442598	0.0	7.513148009015778E-4
1996 regarding	0.6931471805599453	0.5321918853577666	-0.7295148287442598	0.0	7.513148009015778E-4
1996	0.6931471805599453	0.5321918853577666	-0.7295148287442598	0.0	7.513148009015778E-4
1951	0.6931471805599453	0.5321918853577666	-0.7295148287442598	0.0	7.513148009015778E-4
1948 or any	0.6931471805599453	0.5321918853577666	-0.7295148287442598	0.0	7.513148009015778E-4
1996 regarding the	0.6931471805599453	0.5321918853577666	-0.7295148287442598	0.0	7.513148009015778E-4
192 through 195	0.6931471805599453	0.5321918853577666	-0.7295148287442598	0.0	7.513148009015778E-4
1979 has been	0.6931471805599453	0.5321918853577666	-0.7295148287442598	0.0	7.513148009015778E-4
195 shall apply	0.6931471805599453	0.5321918853577666	-0.7295148287442598	0.0	7.513148009015778E-4
1948 or	0.6931471805599453	0.5321918853577666	-0.7295148287442598	0.0	7.513148009015778E-4
1948	0.6931471805599453	0.5321918853577666	-0.7295148287442598	0.0	7.513148009015778E-4
1947	0.6931471805599453	1.0649062958852513	-1.0319429712369046	0.0	0.0015026296018031556
1979	0.6931471805599453	0.5321918853577666	-0.7295148287442598	0.0	7.513148009015778E-4
196 provided however	1.3862943611198906	3.7635785981933108	1.9399944840625991	0.002824858757062147	0.0
195 shall	0.6931471805599453	0.5321918853577666	-0.7295148287442598	0.0	7.513148009015778E-4
