2 and 3	0.6931471805599453	1.0649062958852513	-1.0319429712369046	0.0	0.0015026296018031556
2 a notary	0.6931471805599453	0.5321918853577666	-0.7295148287442598	0.0	7.513148009015778E-4
2 3	0.6931471805599453	0.5321918853577666	-0.7295148287442598	0.0	7.513148009015778E-4
2 section	0.6931471805599453	0.5321918853577666	-0.7295148287442598	0.0	7.513148009015778E-4
2 or	0.6931471805599453	0.5321918853577666	-0.7295148287442598	0.0	7.513148009015778E-4
2 may	0.6931471805599453	0.5321918853577666	-0.7295148287442598	0.0	7.513148009015778E-4
2 shall provide	0.6931471805599453	0.5321918853577666	-0.7295148287442598	0.0	7.513148009015778E-4
2 shall	0.6931471805599453	0.5321918853577666	-0.7295148287442598	0.0	7.513148009015778E-4
2 section 1	0.6931471805599453	0.5321918853577666	-0.7295148287442598	0.0	7.513148009015778E-4
2 of the	0.6931471805599453	4.272209009784849	-2.0669322702461366	0.0	0.006010518407212622
2 or paragraph	0.6931471805599453	0.5321918853577666	-0.7295148287442598	0.0	7.513148009015778E-4
2 of	0.7884573603642703	7.9786257137819385	-2.8246461218676466	0.012711864406779662	0.033809166040571
2 the family	0.6931471805599453	0.5321918853577666	-0.7295148287442598	0.0	7.513148009015778E-4
2 the	0.6931471805599453	0.5321918853577666	-0.7295148287442598	0.0	7.513148009015778E-4
2 a	0.6931471805599453	0.5321918853577666	-0.7295148287442598	0.0	7.513148009015778E-4
2 and paragraph	0.9162907318741551	0.0051264311186754894	-0.07159909998509402	0.002824858757062147	0.003005259203606311
2 3 5	0.6931471805599453	0.5321918853577666	-0.7295148287442598	0.0	7.513148009015778E-4
2 are	0.6931471805599453	0.5321918853577666	-0.7295148287442598	0.0	7.513148009015778E-4
2 to 4	0.6931471805599453	1.598144001511486	-1.2641772033664764	0.0	0.002253944402704733
2 of article	0.8050650967639307	5.148105048167483	-2.268943597396701	0.012711864406779662	0.028549962434259956
2 and	0.8472978603872037	0.3349749787031126	-0.5787702296275375	0.002824858757062147	0.004507888805409466
2 may be	0.6931471805599453	0.5321918853577666	-0.7295148287442598	0.0	7.513148009015778E-4
2 are not	0.6931471805599453	0.5321918853577666	-0.7295148287442598	0.0	7.513148009015778E-4
2 to	0.6931471805599453	1.598144001511486	-1.2641772033664764	0.0	0.002253944402704733
