200 days from	0.6931471805599453	0.5321918853577666	-0.7295148287442598	0.0	7.513148009015778E-4
20 years of	0.6931471805599453	0.5321918853577666	-0.7295148287442598	0.0	7.513148009015778E-4
2004 and	0.6931471805599453	0.5321918853577666	-0.7295148287442598	0.0	7.513148009015778E-4
2006 the	0.6931471805599453	0.5321918853577666	-0.7295148287442598	0.0	7.513148009015778E-4
200 days	0.6931471805599453	0.5321918853577666	-0.7295148287442598	0.0	7.513148009015778E-4
20 shall apply	0.6931471805599453	1.0649062958852513	-1.0319429712369046	0.0	0.0015026296018031556
20 years peacefully	0.6931471805599453	0.5321918853577666	-0.7295148287442598	0.0	7.513148009015778E-4
2006 the person	0.6931471805599453	0.5321918853577666	-0.7295148287442598	0.0	7.513148009015778E-4
2004 and other	0.6931471805599453	0.5321918853577666	-0.7295148287442598	0.0	7.513148009015778E-4
20 shall	0.6931471805599453	1.0649062958852513	-1.0319429712369046	0.0	0.0015026296018031556
20 and articles	0.6931471805599453	0.5321918853577666	-0.7295148287442598	0.0	7.513148009015778E-4
20 years	0.8472978603872037	0.16715827561327312	-0.4088499426602297	0.0014124293785310734	0.002253944402704733
20 years or	0.6931471805599453	0.5321918853577666	-0.7295148287442598	0.0	7.513148009015778E-4
2003 vi	0.6931471805599453	0.5321918853577666	-0.7295148287442598	0.0	7.513148009015778E-4
200	0.6931471805599453	0.5321918853577666	-0.7295148287442598	0.0	7.513148009015778E-4
2006	0.6931471805599453	0.5321918853577666	-0.7295148287442598	0.0	7.513148009015778E-4
20 and	0.6931471805599453	0.5321918853577666	-0.7295148287442598	0.0	7.513148009015778E-4
2003 vi accept	0.6931471805599453	0.5321918853577666	-0.7295148287442598	0.0	7.513148009015778E-4
202	0.6931471805599453	0.5321918853577666	-0.7295148287442598	0.0	7.513148009015778E-4
202 the	0.6931471805599453	0.5321918853577666	-0.7295148287442598	0.0	7.513148009015778E-4
2004	0.6931471805599453	0.5321918853577666	-0.7295148287442598	0.0	7.513148009015778E-4
2003	0.6931471805599453	0.5321918853577666	-0.7295148287442598	0.0	7.513148009015778E-4
202 the same	0.6931471805599453	0.5321918853577666	-0.7295148287442598	0.0	7.513148009015778E-4
20	0.7621400520468967	1.7499354294594525	-1.3228512499368372	0.0014124293785310734	0.005259203606311044
