229 to holders	0.6931471805599453	0.5321918853577666	-0.7295148287442598	0.0	7.513148009015778E-4
222	0.6931471805599453	0.5321918853577666	-0.7295148287442598	0.0	7.513148009015778E-4
224 of 1947	0.6931471805599453	0.5321918853577666	-0.7295148287442598	0.0	7.513148009015778E-4
224	0.6931471805599453	0.5321918853577666	-0.7295148287442598	0.0	7.513148009015778E-4
225 or	0.6931471805599453	0.5321918853577666	-0.7295148287442598	0.0	7.513148009015778E-4
225	0.6931471805599453	0.5321918853577666	-0.7295148287442598	0.0	7.513148009015778E-4
224 of	0.6931471805599453	0.5321918853577666	-0.7295148287442598	0.0	7.513148009015778E-4
225 or elevating	0.6931471805599453	0.5321918853577666	-0.7295148287442598	0.0	7.513148009015778E-4
229	0.6931471805599453	1.0649062958852513	-1.0319429712369046	0.0	0.0015026296018031556
222 of 1951	0.6931471805599453	0.5321918853577666	-0.7295148287442598	0.0	7.513148009015778E-4
222 of	0.6931471805599453	0.5321918853577666	-0.7295148287442598	0.0	7.513148009015778E-4
229 to	0.6931471805599453	0.5321918853577666	-0.7295148287442598	0.0	7.513148009015778E-4
