271 through the	0.6931471805599453	0.5321918853577666	-0.7295148287442598	0.0	7.513148009015778E-4
276	0.6931471805599453	0.5321918853577666	-0.7295148287442598	0.0	7.513148009015778E-4
276 shall	0.6931471805599453	0.5321918853577666	-0.7295148287442598	0.0	7.513148009015778E-4
27 to 29	0.6931471805599453	2.6661923853469234	-1.6328479369944169	0.0	0.003756574004507889
276 shall apply	0.6931471805599453	0.5321918853577666	-0.7295148287442598	0.0	7.513148009015778E-4
27	0.6931471805599453	2.6661923853469234	-1.6328479369944169	0.0	0.003756574004507889
271 through	0.6931471805599453	0.5321918853577666	-0.7295148287442598	0.0	7.513148009015778E-4
274 through	0.6931471805599453	0.5321918853577666	-0.7295148287442598	0.0	7.513148009015778E-4
271	0.6931471805599453	0.5321918853577666	-0.7295148287442598	0.0	7.513148009015778E-4
27 to	0.6931471805599453	2.6661923853469234	-1.6328479369944169	0.0	0.003756574004507889
274	0.6931471805599453	0.5321918853577666	-0.7295148287442598	0.0	7.513148009015778E-4
274 through 276	0.6931471805599453	0.5321918853577666	-0.7295148287442598	0.0	7.513148009015778E-4
