29	0.6931471805599453	2.6661923853469234	-1.6328479369944169	0.0	0.003756574004507889
299 shall apply	0.6931471805599453	0.5321918853577666	-0.7295148287442598	0.0	7.513148009015778E-4
29 inclusive	0.6931471805599453	2.6661923853469234	-1.6328479369944169	0.0	0.003756574004507889
296 shall	0.6931471805599453	0.5321918853577666	-0.7295148287442598	0.0	7.513148009015778E-4
296 through	0.6931471805599453	0.5321918853577666	-0.7295148287442598	0.0	7.513148009015778E-4
296 through 300	0.6931471805599453	0.5321918853577666	-0.7295148287442598	0.0	7.513148009015778E-4
296	0.6931471805599453	1.598144001511486	-1.2641772033664764	0.0	0.002253944402704733
298	0.6931471805599453	0.5321918853577666	-0.7295148287442598	0.0	7.513148009015778E-4
299	0.6931471805599453	0.5321918853577666	-0.7295148287442598	0.0	7.513148009015778E-4
296 shall apply	0.6931471805599453	0.5321918853577666	-0.7295148287442598	0.0	7.513148009015778E-4
29 inclusive shall	0.6931471805599453	2.6661923853469234	-1.6328479369944169	0.0	0.003756574004507889
296 article	0.6931471805599453	0.5321918853577666	-0.7295148287442598	0.0	7.513148009015778E-4
299 shall	0.6931471805599453	0.5321918853577666	-0.7295148287442598	0.0	7.513148009015778E-4
296 article 304	0.6931471805599453	0.5321918853577666	-0.7295148287442598	0.0	7.513148009015778E-4
