3 million yen	1.6094379124341003	5.648140671306317	2.3765817198881076	0.00423728813559322	0.0
3 months prior	1.0986122886681098	1.8808659481157444	1.3714466625121606	0.0014124293785310734	0.0
3 may not	0.6931471805599453	0.5321918853577666	-0.7295148287442598	0.0	7.513148009015778E-4
3 may	0.6931471805599453	0.5321918853577666	-0.7295148287442598	0.0	7.513148009015778E-4
3 through 5	0.6931471805599453	0.5321918853577666	-0.7295148287442598	0.0	7.513148009015778E-4
3 5	0.6931471805599453	0.5321918853577666	-0.7295148287442598	0.0	7.513148009015778E-4
3 5 and	0.6931471805599453	0.5321918853577666	-0.7295148287442598	0.0	7.513148009015778E-4
3 of article	0.8938178760220965	0.09022890451999387	-0.3003812652613239	0.005649717514124294	0.0067618332081141996
3 and the	0.6931471805599453	0.5321918853577666	-0.7295148287442598	0.0	7.513148009015778E-4
3 months	1.0986122886681098	1.8808659481157444	1.3714466625121606	0.0014124293785310734	0.0
3 of	0.9382696385929302	0.006112596387533743	0.07818309527982209	0.007062146892655367	0.0067618332081141996
3 and	0.6931471805599453	0.5321918853577666	-0.7295148287442598	0.0	7.513148009015778E-4
3 through	0.6931471805599453	0.5321918853577666	-0.7295148287442598	0.0	7.513148009015778E-4
3 years and	1.0986122886681098	1.8808659481157444	1.3714466625121606	0.0014124293785310734	0.0
3 of this	1.0986122886681098	1.8808659481157444	1.3714466625121606	0.0014124293785310734	0.0
3 years	1.0986122886681098	1.8808659481157444	1.3714466625121606	0.0014124293785310734	0.0
3 extent	0.6931471805599453	0.5321918853577666	-0.7295148287442598	0.0	7.513148009015778E-4
3 extent of	0.6931471805599453	0.5321918853577666	-0.7295148287442598	0.0	7.513148009015778E-4
3 million	1.6094379124341003	5.648140671306317	2.3765817198881076	0.00423728813559322	0.0
