304 article 925	0.6931471805599453	0.5321918853577666	-0.7295148287442598	0.0	7.513148009015778E-4
300 days	0.6931471805599453	0.5321918853577666	-0.7295148287442598	0.0	7.513148009015778E-4
30 years	0.6931471805599453	2.1319057736788767	-1.4601047132582226	0.0	0.003005259203606311
304 and article	0.6931471805599453	0.5321918853577666	-0.7295148287442598	0.0	7.513148009015778E-4
300 and	0.6931471805599453	0.5321918853577666	-0.7295148287442598	0.0	7.513148009015778E-4
300 and those	0.6931471805599453	0.5321918853577666	-0.7295148287442598	0.0	7.513148009015778E-4
300 days of	0.6931471805599453	0.5321918853577666	-0.7295148287442598	0.0	7.513148009015778E-4
304 cited in	0.6931471805599453	0.5321918853577666	-0.7295148287442598	0.0	7.513148009015778E-4
300	0.6931471805599453	1.0649062958852513	-1.0319429712369046	0.0	0.0015026296018031556
304 article	0.6931471805599453	0.5321918853577666	-0.7295148287442598	0.0	7.513148009015778E-4
304 shall apply	0.6931471805599453	1.0649062958852513	-1.0319429712369046	0.0	0.0015026296018031556
30 years old	0.6931471805599453	2.1319057736788767	-1.4601047132582226	0.0	0.003005259203606311
304	0.6931471805599453	2.6661923853469234	-1.6328479369944169	0.0	0.003756574004507889
306	0.6931471805599453	0.5321918853577666	-0.7295148287442598	0.0	7.513148009015778E-4
304 cited	0.6931471805599453	0.5321918853577666	-0.7295148287442598	0.0	7.513148009015778E-4
30	0.6931471805599453	2.1319057736788767	-1.4601047132582226	0.0	0.003005259203606311
304 and	0.6931471805599453	0.5321918853577666	-0.7295148287442598	0.0	7.513148009015778E-4
304 shall	0.6931471805599453	1.0649062958852513	-1.0319429712369046	0.0	0.0015026296018031556
