"management of business"	1.0986122886681098	1.8808659481157444	1.3714466625121606	0.0014124293785310734	0.0
"mortgaged building user"	0.6931471805599453	0.5321918853577666	-0.7295148287442598	0.0	7.513148009015778E-4
"management	1.0986122886681098	1.8808659481157444	1.3714466625121606	0.0014124293785310734	0.0
"manager" must	1.0986122886681098	1.8808659481157444	1.3714466625121606	0.0014124293785310734	0.0
"management of	1.0986122886681098	1.8808659481157444	1.3714466625121606	0.0014124293785310734	0.0
"manager"	1.0986122886681098	1.8808659481157444	1.3714466625121606	0.0014124293785310734	0.0
"mortgaged immovable properties"	0.6931471805599453	0.5321918853577666	-0.7295148287442598	0.0	7.513148009015778E-4
"mortgaged immovable	0.6931471805599453	0.5321918853577666	-0.7295148287442598	0.0	7.513148009015778E-4
"mortgaged building	0.6931471805599453	0.5321918853577666	-0.7295148287442598	0.0	7.513148009015778E-4
"manager" must manage	1.0986122886681098	1.8808659481157444	1.3714466625121606	0.0014124293785310734	0.0
"mortgaged	0.6931471805599453	1.0649062958852513	-1.0319429712369046	0.0	0.0015026296018031556
