398-16 has been	0.6931471805599453	0.5321918853577666	-0.7295148287442598	0.0	7.513148009015778E-4
392 of the	0.6931471805599453	0.5321918853577666	-0.7295148287442598	0.0	7.513148009015778E-4
398-16	0.6931471805599453	1.598144001511486	-1.2641772033664764	0.0	0.002253944402704733
398-16 has	0.6931471805599453	0.5321918853577666	-0.7295148287442598	0.0	7.513148009015778E-4
393 shall apply	0.6931471805599453	0.5321918853577666	-0.7295148287442598	0.0	7.513148009015778E-4
392 of	0.6931471805599453	0.5321918853577666	-0.7295148287442598	0.0	7.513148009015778E-4
392	0.6931471805599453	1.0649062958852513	-1.0319429712369046	0.0	0.0015026296018031556
393	0.6931471805599453	0.5321918853577666	-0.7295148287442598	0.0	7.513148009015778E-4
398-4	0.6931471805599453	1.0649062958852513	-1.0319429712369046	0.0	0.0015026296018031556
392 and	0.6931471805599453	0.5321918853577666	-0.7295148287442598	0.0	7.513148009015778E-4
398-16 shall be	0.6931471805599453	0.5321918853577666	-0.7295148287442598	0.0	7.513148009015778E-4
398-4 shall apply	0.6931471805599453	1.0649062958852513	-1.0319429712369046	0.0	0.0015026296018031556
398-12	0.6931471805599453	0.5321918853577666	-0.7295148287442598	0.0	7.513148009015778E-4
393 shall	0.6931471805599453	0.5321918853577666	-0.7295148287442598	0.0	7.513148009015778E-4
398-4 shall	0.6931471805599453	1.0649062958852513	-1.0319429712369046	0.0	0.0015026296018031556
398-16 shall	0.6931471805599453	0.5321918853577666	-0.7295148287442598	0.0	7.513148009015778E-4
392 and 393	0.6931471805599453	0.5321918853577666	-0.7295148287442598	0.0	7.513148009015778E-4
