423 the	1.0986122886681098	1.8808659481157444	1.3714466625121606	0.0014124293785310734	0.0
424 shall be	1.0986122886681098	1.8808659481157444	1.3714466625121606	0.0014124293785310734	0.0
423	1.0986122886681098	1.8808659481157444	1.3714466625121606	0.0014124293785310734	0.0
424	1.0986122886681098	0.2061393874862581	0.45402575641284726	0.0014124293785310734	7.513148009015778E-4
424 shall	1.0986122886681098	1.8808659481157444	1.3714466625121606	0.0014124293785310734	0.0
427 shall apply	1.0986122886681098	1.8808659481157444	1.3714466625121606	0.0014124293785310734	0.0
427	1.0986122886681098	1.8808659481157444	1.3714466625121606	0.0014124293785310734	0.0
42 years	0.6931471805599453	2.1319057736788767	-1.4601047132582226	0.0	0.003005259203606311
42 years old	0.6931471805599453	2.1319057736788767	-1.4601047132582226	0.0	0.003005259203606311
427 shall	1.0986122886681098	1.8808659481157444	1.3714466625121606	0.0014124293785310734	0.0
42	0.6931471805599453	2.1319057736788767	-1.4601047132582226	0.0	0.003005259203606311
423 the buyer	1.0986122886681098	1.8808659481157444	1.3714466625121606	0.0014124293785310734	0.0
