444 inclusive	1.0986122886681098	1.8808659481157444	1.3714466625121606	0.0014124293785310734	0.0
442 shall	1.0986122886681098	1.8808659481157444	1.3714466625121606	0.0014124293785310734	0.0
440 inclusive	1.3862943611198906	3.7635785981933108	1.9399944840625991	0.002824858757062147	0.0
442 to 444	1.0986122886681098	1.8808659481157444	1.3714466625121606	0.0014124293785310734	0.0
446 shall apply	1.3862943611198906	3.7635785981933108	1.9399944840625991	0.002824858757062147	0.0
440	1.3862943611198906	3.7635785981933108	1.9399944840625991	0.002824858757062147	0.0
442	1.3862943611198906	3.7635785981933108	1.9399944840625991	0.002824858757062147	0.0
443	1.3862943611198906	3.7635785981933108	1.9399944840625991	0.002824858757062147	0.0
444	1.0986122886681098	1.8808659481157444	1.3714466625121606	0.0014124293785310734	0.0
444 inclusive shall	1.0986122886681098	1.8808659481157444	1.3714466625121606	0.0014124293785310734	0.0
446	1.3862943611198906	3.7635785981933108	1.9399944840625991	0.002824858757062147	0.0
446 shall	1.3862943611198906	3.7635785981933108	1.9399944840625991	0.002824858757062147	0.0
440 inclusive shall	1.3862943611198906	3.7635785981933108	1.9399944840625991	0.002824858757062147	0.0
442 to	1.0986122886681098	1.8808659481157444	1.3714466625121606	0.0014124293785310734	0.0
443 shall apply	1.3862943611198906	3.7635785981933108	1.9399944840625991	0.002824858757062147	0.0
442 shall apply	1.0986122886681098	1.8808659481157444	1.3714466625121606	0.0014124293785310734	0.0
443 shall	1.3862943611198906	3.7635785981933108	1.9399944840625991	0.002824858757062147	0.0
