467 or	0.6931471805599453	0.5321918853577666	-0.7295148287442598	0.0	7.513148009015778E-4
462 shall	1.0986122886681098	1.8808659481157444	1.3714466625121606	0.0014124293785310734	0.0
468 shall	1.0986122886681098	1.8808659481157444	1.3714466625121606	0.0014124293785310734	0.0
462 shall apply	1.0986122886681098	1.8808659481157444	1.3714466625121606	0.0014124293785310734	0.0
465-2 is not	1.0986122886681098	1.8808659481157444	1.3714466625121606	0.0014124293785310734	0.0
467 or unless	0.6931471805599453	0.5321918853577666	-0.7295148287442598	0.0	7.513148009015778E-4
465-2	1.0986122886681098	1.8808659481157444	1.3714466625121606	0.0014124293785310734	0.0
465-3	1.0986122886681098	1.8808659481157444	1.3714466625121606	0.0014124293785310734	0.0
468 shall apply	1.0986122886681098	1.8808659481157444	1.3714466625121606	0.0014124293785310734	0.0
467 mortgagees cannot	0.6931471805599453	0.5321918853577666	-0.7295148287442598	0.0	7.513148009015778E-4
462	1.0986122886681098	1.8808659481157444	1.3714466625121606	0.0014124293785310734	0.0
467 mortgagees	0.6931471805599453	0.5321918853577666	-0.7295148287442598	0.0	7.513148009015778E-4
467 shall apply	1.0986122886681098	1.8808659481157444	1.3714466625121606	0.0014124293785310734	0.0
467	0.9162907318741551	0.0025594387191226107	-0.05059089561494845	0.0014124293785310734	0.0015026296018031556
465-3 be applied	1.0986122886681098	1.8808659481157444	1.3714466625121606	0.0014124293785310734	0.0
468	1.0986122886681098	1.8808659481157444	1.3714466625121606	0.0014124293785310734	0.0
465-3 be	1.0986122886681098	1.8808659481157444	1.3714466625121606	0.0014124293785310734	0.0
467 shall	1.0986122886681098	1.8808659481157444	1.3714466625121606	0.0014124293785310734	0.0
465-2 is	1.0986122886681098	1.8808659481157444	1.3714466625121606	0.0014124293785310734	0.0
