5 of article	0.6931471805599453	0.5321918853577666	-0.7295148287442598	0.0	7.513148009015778E-4
5 article	0.6931471805599453	0.5321918853577666	-0.7295148287442598	0.0	7.513148009015778E-4
5 article 9	0.6931471805599453	0.5321918853577666	-0.7295148287442598	0.0	7.513148009015778E-4
5 million	1.0986122886681098	1.8808659481157444	1.3714466625121606	0.0014124293785310734	0.0
5 million yen	1.0986122886681098	1.8808659481157444	1.3714466625121606	0.0014124293785310734	0.0
5 years iii	1.0986122886681098	1.8808659481157444	1.3714466625121606	0.0014124293785310734	0.0
5 and 6	0.6931471805599453	0.5321918853577666	-0.7295148287442598	0.0	7.513148009015778E-4
5 of the	0.6931471805599453	0.5321918853577666	-0.7295148287442598	0.0	7.513148009015778E-4
5 loans	1.0986122886681098	1.8808659481157444	1.3714466625121606	0.0014124293785310734	0.0
5 years	1.0986122886681098	1.8808659481157444	1.3714466625121606	0.0014124293785310734	0.0
5 and	0.6931471805599453	0.5321918853577666	-0.7295148287442598	0.0	7.513148009015778E-4
5 of	0.6931471805599453	1.0649062958852513	-1.0319429712369046	0.0	0.0015026296018031556
5 loans for	1.0986122886681098	1.8808659481157444	1.3714466625121606	0.0014124293785310734	0.0
