50 centimeters or	0.6931471805599453	1.598144001511486	-1.2641772033664764	0.0	0.002253944402704733
500 000	1.0986122886681098	1.8808659481157444	1.3714466625121606	0.0014124293785310734	0.0
500 if	1.0986122886681098	1.8808659481157444	1.3714466625121606	0.0014124293785310734	0.0
500	1.3862943611198906	3.7635785981933108	1.9399944840625991	0.002824858757062147	0.0
500 000 yen	1.0986122886681098	1.8808659481157444	1.3714466625121606	0.0014124293785310734	0.0
50 centimeters	0.6931471805599453	1.598144001511486	-1.2641772033664764	0.0	0.002253944402704733
500 if the	1.0986122886681098	1.8808659481157444	1.3714466625121606	0.0014124293785310734	0.0
50 000 yen	0.6931471805599453	0.5321918853577666	-0.7295148287442598	0.0	7.513148009015778E-4
50	0.6931471805599453	2.1319057736788767	-1.4601047132582226	0.0	0.003005259203606311
50 000	0.6931471805599453	0.5321918853577666	-0.7295148287442598	0.0	7.513148009015778E-4
