560 through	1.0986122886681098	1.8808659481157444	1.3714466625121606	0.0014124293785310734	0.0
560 through to	1.0986122886681098	1.8808659481157444	1.3714466625121606	0.0014124293785310734	0.0
561 through	1.0986122886681098	1.8808659481157444	1.3714466625121606	0.0014124293785310734	0.0
560	1.0986122886681098	1.8808659481157444	1.3714466625121606	0.0014124293785310734	0.0
561	1.0986122886681098	1.8808659481157444	1.3714466625121606	0.0014124293785310734	0.0
563	1.0986122886681098	1.8808659481157444	1.3714466625121606	0.0014124293785310734	0.0
561 through to	1.0986122886681098	1.8808659481157444	1.3714466625121606	0.0014124293785310734	0.0
563 through	1.0986122886681098	1.8808659481157444	1.3714466625121606	0.0014124293785310734	0.0
566 and	1.0986122886681098	1.8808659481157444	1.3714466625121606	0.0014124293785310734	0.0
566	1.3862943611198906	3.7635785981933108	1.9399944840625991	0.002824858757062147	0.0
566 and in	1.0986122886681098	1.8808659481157444	1.3714466625121606	0.0014124293785310734	0.0
566 shall	1.0986122886681098	1.8808659481157444	1.3714466625121606	0.0014124293785310734	0.0
566 shall apply	1.0986122886681098	1.8808659481157444	1.3714466625121606	0.0014124293785310734	0.0
563 through to	1.0986122886681098	1.8808659481157444	1.3714466625121606	0.0014124293785310734	0.0
