594	1.0986122886681098	1.8808659481157444	1.3714466625121606	0.0014124293785310734	0.0
591 which	1.0986122886681098	1.8808659481157444	1.3714466625121606	0.0014124293785310734	0.0
597	1.0986122886681098	1.8808659481157444	1.3714466625121606	0.0014124293785310734	0.0
598	1.0986122886681098	1.8808659481157444	1.3714466625121606	0.0014124293785310734	0.0
597 and article	1.0986122886681098	1.8808659481157444	1.3714466625121606	0.0014124293785310734	0.0
594 paragraph 1	1.0986122886681098	1.8808659481157444	1.3714466625121606	0.0014124293785310734	0.0
598 shall	1.0986122886681098	1.8808659481157444	1.3714466625121606	0.0014124293785310734	0.0
591	1.0986122886681098	1.8808659481157444	1.3714466625121606	0.0014124293785310734	0.0
591 which shall	1.0986122886681098	1.8808659481157444	1.3714466625121606	0.0014124293785310734	0.0
598 shall apply	1.0986122886681098	1.8808659481157444	1.3714466625121606	0.0014124293785310734	0.0
594 paragraph	1.0986122886681098	1.8808659481157444	1.3714466625121606	0.0014124293785310734	0.0
597 and	1.0986122886681098	1.8808659481157444	1.3714466625121606	0.0014124293785310734	0.0
