624 shall apply	1.0986122886681098	1.8808659481157444	1.3714466625121606	0.0014124293785310734	0.0
620	1.6094379124341003	5.648140671306317	2.3765817198881076	0.00423728813559322	0.0
620 shall	1.6094379124341003	5.648140671306317	2.3765817198881076	0.00423728813559322	0.0
624 1 shall	1.0986122886681098	1.8808659481157444	1.3714466625121606	0.0014124293785310734	0.0
620 shall apply	1.6094379124341003	5.648140671306317	2.3765817198881076	0.00423728813559322	0.0
624	1.3862943611198906	3.7635785981933108	1.9399944840625991	0.002824858757062147	0.0
624 1	1.0986122886681098	1.8808659481157444	1.3714466625121606	0.0014124293785310734	0.0
624 shall	1.0986122886681098	1.8808659481157444	1.3714466625121606	0.0014124293785310734	0.0
627	1.3862943611198906	3.7635785981933108	1.9399944840625991	0.002824858757062147	0.0
627 even	1.0986122886681098	1.8808659481157444	1.3714466625121606	0.0014124293785310734	0.0
627 even if	1.0986122886681098	1.8808659481157444	1.3714466625121606	0.0014124293785310734	0.0
