634 or	1.0986122886681098	1.8808659481157444	1.3714466625121606	0.0014124293785310734	0.0
63 or paragraph	0.6931471805599453	0.5321918853577666	-0.7295148287442598	0.0	7.513148009015778E-4
634 within one	1.0986122886681098	1.8808659481157444	1.3714466625121606	0.0014124293785310734	0.0
634 within	1.0986122886681098	1.8808659481157444	1.3714466625121606	0.0014124293785310734	0.0
637 and paragraph	1.0986122886681098	1.8808659481157444	1.3714466625121606	0.0014124293785310734	0.0
635 the contractor	1.0986122886681098	1.8808659481157444	1.3714466625121606	0.0014124293785310734	0.0
63 or	0.6931471805599453	0.5321918853577666	-0.7295148287442598	0.0	7.513148009015778E-4
634	1.3862943611198906	3.7635785981933108	1.9399944840625991	0.002824858757062147	0.0
635	1.0986122886681098	1.8808659481157444	1.3714466625121606	0.0014124293785310734	0.0
637	1.0986122886681098	1.8808659481157444	1.3714466625121606	0.0014124293785310734	0.0
635 the	1.0986122886681098	1.8808659481157444	1.3714466625121606	0.0014124293785310734	0.0
634 or article	1.0986122886681098	1.8808659481157444	1.3714466625121606	0.0014124293785310734	0.0
63	0.6931471805599453	0.5321918853577666	-0.7295148287442598	0.0	7.513148009015778E-4
637 and	1.0986122886681098	1.8808659481157444	1.3714466625121606	0.0014124293785310734	0.0
