644 article	0.6931471805599453	2.6661923853469234	-1.6328479369944169	0.0	0.003756574004507889
647 shall	1.0986122886681098	1.8808659481157444	1.3714466625121606	0.0014124293785310734	0.0
646 paragraph 1	0.6931471805599453	0.5321918853577666	-0.7295148287442598	0.0	7.513148009015778E-4
645 through to	1.0986122886681098	1.8808659481157444	1.3714466625121606	0.0014124293785310734	0.0
646 paragraph	0.6931471805599453	0.5321918853577666	-0.7295148287442598	0.0	7.513148009015778E-4
647 inclusive	0.6931471805599453	1.0649062958852513	-1.0319429712369046	0.0	0.0015026296018031556
646 paragraphs	0.6931471805599453	0.5321918853577666	-0.7295148287442598	0.0	7.513148009015778E-4
644 and	0.6931471805599453	0.5321918853577666	-0.7295148287442598	0.0	7.513148009015778E-4
644 and article	0.6931471805599453	0.5321918853577666	-0.7295148287442598	0.0	7.513148009015778E-4
644 article 654	0.6931471805599453	1.598144001511486	-1.2641772033664764	0.0	0.002253944402704733
647 inclusive and	0.6931471805599453	1.0649062958852513	-1.0319429712369046	0.0	0.0015026296018031556
646 to article	1.3862943611198906	3.7635785981933108	1.9399944840625991	0.002824858757062147	0.0
645 article	0.6931471805599453	1.0649062958852513	-1.0319429712369046	0.0	0.0015026296018031556
645 to	0.6931471805599453	0.5321918853577666	-0.7295148287442598	0.0	7.513148009015778E-4
645 through	1.0986122886681098	1.8808659481157444	1.3714466625121606	0.0014124293785310734	0.0
647 shall apply	1.0986122886681098	1.8808659481157444	1.3714466625121606	0.0014124293785310734	0.0
648 shall apply	0.6931471805599453	0.5321918853577666	-0.7295148287442598	0.0	7.513148009015778E-4
648 shall	0.6931471805599453	0.5321918853577666	-0.7295148287442598	0.0	7.513148009015778E-4
645 article 646	0.6931471805599453	1.0649062958852513	-1.0319429712369046	0.0	0.0015026296018031556
644	0.6931471805599453	3.736343226630856	-1.9329622931218433	0.0	0.005259203606311044
645	0.8472978603872037	0.16715827561327312	-0.4088499426602297	0.0014124293785310734	0.002253944402704733
646	1.0986122886681098	0.4126839629577472	0.6424048279377632	0.002824858757062147	0.0015026296018031556
646 to	1.3862943611198906	3.7635785981933108	1.9399944840625991	0.002824858757062147	0.0
644 to 647	0.6931471805599453	0.5321918853577666	-0.7295148287442598	0.0	7.513148009015778E-4
647	0.9162907318741551	0.0025594387191226107	-0.05059089561494845	0.0014124293785310734	0.0015026296018031556
645 to 647	0.6931471805599453	0.5321918853577666	-0.7295148287442598	0.0	7.513148009015778E-4
648	0.6931471805599453	0.5321918853577666	-0.7295148287442598	0.0	7.513148009015778E-4
644 article 859-2	0.6931471805599453	1.0649062958852513	-1.0319429712369046	0.0	0.0015026296018031556
646 paragraphs 1	0.6931471805599453	0.5321918853577666	-0.7295148287442598	0.0	7.513148009015778E-4
644 to	0.6931471805599453	0.5321918853577666	-0.7295148287442598	0.0	7.513148009015778E-4
