654 and	0.6931471805599453	1.598144001511486	-1.2641772033664764	0.0	0.002253944402704733
650 paragraphs	0.6931471805599453	0.5321918853577666	-0.7295148287442598	0.0	7.513148009015778E-4
650 shall	1.0986122886681098	0.4126839629577472	0.6424048279377632	0.002824858757062147	0.0015026296018031556
655 paragraph	0.6931471805599453	1.0649062958852513	-1.0319429712369046	0.0	0.0015026296018031556
655 article 870	0.6931471805599453	1.0649062958852513	-1.0319429712369046	0.0	0.0015026296018031556
650 paragraph 2	0.6931471805599453	0.5321918853577666	-0.7295148287442598	0.0	7.513148009015778E-4
650 paragraphs 2	0.6931471805599453	0.5321918853577666	-0.7295148287442598	0.0	7.513148009015778E-4
654 article 655	0.6931471805599453	2.6661923853469234	-1.6328479369944169	0.0	0.003756574004507889
655 article 844	0.6931471805599453	0.5321918853577666	-0.7295148287442598	0.0	7.513148009015778E-4
650	1.0116009116784799	0.20504472849304264	0.4528186485703108	0.00423728813559322	0.003005259203606311
650 excluding	1.0986122886681098	1.8808659481157444	1.3714466625121606	0.0014124293785310734	0.0
655 paragraph 4	0.6931471805599453	1.0649062958852513	-1.0319429712369046	0.0	0.0015026296018031556
650 excluding paragraph	1.0986122886681098	1.8808659481157444	1.3714466625121606	0.0014124293785310734	0.0
650 shall apply	1.0986122886681098	0.4126839629577472	0.6424048279377632	0.002824858757062147	0.0015026296018031556
654	0.6931471805599453	4.272209009784849	-2.0669322702461366	0.0	0.006010518407212622
650 paragraph	0.6931471805599453	0.5321918853577666	-0.7295148287442598	0.0	7.513148009015778E-4
655	0.6931471805599453	4.272209009784849	-2.0669322702461366	0.0	0.006010518407212622
654 and article	0.6931471805599453	1.598144001511486	-1.2641772033664764	0.0	0.002253944402704733
655 article	0.6931471805599453	1.598144001511486	-1.2641772033664764	0.0	0.002253944402704733
655 shall	0.6931471805599453	1.598144001511486	-1.2641772033664764	0.0	0.002253944402704733
654 article	0.6931471805599453	2.6661923853469234	-1.6328479369944169	0.0	0.003756574004507889
655 shall apply	0.6931471805599453	1.598144001511486	-1.2641772033664764	0.0	0.002253944402704733
