728 or article	0.6931471805599453	0.5321918853577666	-0.7295148287442598	0.0	7.513148009015778E-4
728 or	0.6931471805599453	0.5321918853577666	-0.7295148287442598	0.0	7.513148009015778E-4
728 articles	0.6931471805599453	0.5321918853577666	-0.7295148287442598	0.0	7.513148009015778E-4
724 shall	0.6931471805599453	0.5321918853577666	-0.7295148287442598	0.0	7.513148009015778E-4
724	0.6931471805599453	0.5321918853577666	-0.7295148287442598	0.0	7.513148009015778E-4
729 an adopted	0.6931471805599453	0.5321918853577666	-0.7295148287442598	0.0	7.513148009015778E-4
729 an	0.6931471805599453	0.5321918853577666	-0.7295148287442598	0.0	7.513148009015778E-4
724 shall apply	0.6931471805599453	0.5321918853577666	-0.7295148287442598	0.0	7.513148009015778E-4
728	0.6931471805599453	1.598144001511486	-1.2641772033664764	0.0	0.002253944402704733
728 articles 766	0.6931471805599453	0.5321918853577666	-0.7295148287442598	0.0	7.513148009015778E-4
729	0.6931471805599453	0.5321918853577666	-0.7295148287442598	0.0	7.513148009015778E-4
