733 may	0.6931471805599453	0.5321918853577666	-0.7295148287442598	0.0	7.513148009015778E-4
736 inclusive provided	0.6931471805599453	0.5321918853577666	-0.7295148287442598	0.0	7.513148009015778E-4
738 739 and	0.6931471805599453	0.5321918853577666	-0.7295148287442598	0.0	7.513148009015778E-4
731 may not	0.6931471805599453	0.5321918853577666	-0.7295148287442598	0.0	7.513148009015778E-4
73 of	0.6931471805599453	0.5321918853577666	-0.7295148287442598	0.0	7.513148009015778E-4
733 if	0.6931471805599453	1.0649062958852513	-1.0319429712369046	0.0	0.0015026296018031556
739 and 747	0.6931471805599453	0.5321918853577666	-0.7295148287442598	0.0	7.513148009015778E-4
731 to 736	0.6931471805599453	0.5321918853577666	-0.7295148287442598	0.0	7.513148009015778E-4
738 and article	0.6931471805599453	0.5321918853577666	-0.7295148287442598	0.0	7.513148009015778E-4
738 article	0.6931471805599453	0.5321918853577666	-0.7295148287442598	0.0	7.513148009015778E-4
731 to 737	0.6931471805599453	0.5321918853577666	-0.7295148287442598	0.0	7.513148009015778E-4
739 applied mutatis	0.6931471805599453	2.1319057736788767	-1.4601047132582226	0.0	0.003005259203606311
739 shall apply	0.6931471805599453	0.5321918853577666	-0.7295148287442598	0.0	7.513148009015778E-4
739 and article	0.6931471805599453	0.5321918853577666	-0.7295148287442598	0.0	7.513148009015778E-4
737 inclusive	0.6931471805599453	0.5321918853577666	-0.7295148287442598	0.0	7.513148009015778E-4
731	0.6931471805599453	1.598144001511486	-1.2641772033664764	0.0	0.002253944402704733
732	0.6931471805599453	0.5321918853577666	-0.7295148287442598	0.0	7.513148009015778E-4
733	0.6931471805599453	1.598144001511486	-1.2641772033664764	0.0	0.002253944402704733
731 may	0.6931471805599453	0.5321918853577666	-0.7295148287442598	0.0	7.513148009015778E-4
732 or article	0.6931471805599453	0.5321918853577666	-0.7295148287442598	0.0	7.513148009015778E-4
736	0.6931471805599453	0.5321918853577666	-0.7295148287442598	0.0	7.513148009015778E-4
739 shall	0.6931471805599453	0.5321918853577666	-0.7295148287442598	0.0	7.513148009015778E-4
737	0.6931471805599453	0.5321918853577666	-0.7295148287442598	0.0	7.513148009015778E-4
73	0.6931471805599453	0.5321918853577666	-0.7295148287442598	0.0	7.513148009015778E-4
738	0.6931471805599453	1.598144001511486	-1.2641772033664764	0.0	0.002253944402704733
739	0.6931471805599453	4.272209009784849	-2.0669322702461366	0.0	0.006010518407212622
73 of 2006	0.6931471805599453	0.5321918853577666	-0.7295148287442598	0.0	7.513148009015778E-4
739 applied	0.6931471805599453	2.1319057736788767	-1.4601047132582226	0.0	0.003005259203606311
736 inclusive	0.6931471805599453	0.5321918853577666	-0.7295148287442598	0.0	7.513148009015778E-4
739 and	0.6931471805599453	1.0649062958852513	-1.0319429712369046	0.0	0.0015026296018031556
731 to	0.6931471805599453	1.0649062958852513	-1.0319429712369046	0.0	0.0015026296018031556
733 may claim	0.6931471805599453	0.5321918853577666	-0.7295148287442598	0.0	7.513148009015778E-4
732 or	0.6931471805599453	0.5321918853577666	-0.7295148287442598	0.0	7.513148009015778E-4
733 if six	0.6931471805599453	0.5321918853577666	-0.7295148287442598	0.0	7.513148009015778E-4
733 if the	0.6931471805599453	0.5321918853577666	-0.7295148287442598	0.0	7.513148009015778E-4
738 and	0.6931471805599453	0.5321918853577666	-0.7295148287442598	0.0	7.513148009015778E-4
738 article 739	0.6931471805599453	0.5321918853577666	-0.7295148287442598	0.0	7.513148009015778E-4
737 inclusive the	0.6931471805599453	0.5321918853577666	-0.7295148287442598	0.0	7.513148009015778E-4
738 739	0.6931471805599453	0.5321918853577666	-0.7295148287442598	0.0	7.513148009015778E-4
