748 shall apply	0.6931471805599453	0.5321918853577666	-0.7295148287442598	0.0	7.513148009015778E-4
747 shall apply	0.6931471805599453	1.0649062958852513	-1.0319429712369046	0.0	0.0015026296018031556
748 shall	0.6931471805599453	0.5321918853577666	-0.7295148287442598	0.0	7.513148009015778E-4
744 to	0.6931471805599453	0.5321918853577666	-0.7295148287442598	0.0	7.513148009015778E-4
744 to 747	0.6931471805599453	0.5321918853577666	-0.7295148287442598	0.0	7.513148009015778E-4
747 shall	0.6931471805599453	1.598144001511486	-1.2641772033664764	0.0	0.002253944402704733
747 shall be	0.6931471805599453	1.0649062958852513	-1.0319429712369046	0.0	0.0015026296018031556
744	0.6931471805599453	0.5321918853577666	-0.7295148287442598	0.0	7.513148009015778E-4
747 and	0.6931471805599453	0.5321918853577666	-0.7295148287442598	0.0	7.513148009015778E-4
747	0.6931471805599453	2.1319057736788767	-1.4601047132582226	0.0	0.003005259203606311
748	0.6931471805599453	0.5321918853577666	-0.7295148287442598	0.0	7.513148009015778E-4
747 inclusive	0.6931471805599453	0.5321918853577666	-0.7295148287442598	0.0	7.513148009015778E-4
747 and article	0.6931471805599453	0.5321918853577666	-0.7295148287442598	0.0	7.513148009015778E-4
