769 inclusive	0.6931471805599453	1.0649062958852513	-1.0319429712369046	0.0	0.0015026296018031556
769 shall apply	0.6931471805599453	1.0649062958852513	-1.0319429712369046	0.0	0.0015026296018031556
766 to 769	0.6931471805599453	1.0649062958852513	-1.0319429712369046	0.0	0.0015026296018031556
766 shall	0.6931471805599453	0.5321918853577666	-0.7295148287442598	0.0	7.513148009015778E-4
766 to	0.6931471805599453	1.0649062958852513	-1.0319429712369046	0.0	0.0015026296018031556
769 shall	0.6931471805599453	1.0649062958852513	-1.0319429712369046	0.0	0.0015026296018031556
766	0.6931471805599453	2.1319057736788767	-1.4601047132582226	0.0	0.003005259203606311
766 a	0.6931471805599453	0.5321918853577666	-0.7295148287442598	0.0	7.513148009015778E-4
769 inclusive the	0.6931471805599453	0.5321918853577666	-0.7295148287442598	0.0	7.513148009015778E-4
766 shall apply	0.6931471805599453	0.5321918853577666	-0.7295148287442598	0.0	7.513148009015778E-4
769	0.6931471805599453	2.6661923853469234	-1.6328479369944169	0.0	0.003756574004507889
769 and article	0.6931471805599453	0.5321918853577666	-0.7295148287442598	0.0	7.513148009015778E-4
769 and	0.6931471805599453	0.5321918853577666	-0.7295148287442598	0.0	7.513148009015778E-4
769 inclusive shall	0.6931471805599453	0.5321918853577666	-0.7295148287442598	0.0	7.513148009015778E-4
766 a legal	0.6931471805599453	0.5321918853577666	-0.7295148287442598	0.0	7.513148009015778E-4
