797 provided	0.6931471805599453	0.5321918853577666	-0.7295148287442598	0.0	7.513148009015778E-4
794 provided	0.6931471805599453	0.5321918853577666	-0.7295148287442598	0.0	7.513148009015778E-4
790 and paragraphs	0.6931471805599453	0.5321918853577666	-0.7295148287442598	0.0	7.513148009015778E-4
799 inclusive or	0.6931471805599453	0.5321918853577666	-0.7295148287442598	0.0	7.513148009015778E-4
792 provided that	0.6931471805599453	0.5321918853577666	-0.7295148287442598	0.0	7.513148009015778E-4
790	0.6931471805599453	0.5321918853577666	-0.7295148287442598	0.0	7.513148009015778E-4
792	0.6931471805599453	1.0649062958852513	-1.0319429712369046	0.0	0.0015026296018031556
798 provided however	0.6931471805599453	0.5321918853577666	-0.7295148287442598	0.0	7.513148009015778E-4
793	0.6931471805599453	0.5321918853577666	-0.7295148287442598	0.0	7.513148009015778E-4
794	0.6931471805599453	1.0649062958852513	-1.0319429712369046	0.0	0.0015026296018031556
792 provided	0.6931471805599453	0.5321918853577666	-0.7295148287442598	0.0	7.513148009015778E-4
796	0.6931471805599453	1.0649062958852513	-1.0319429712369046	0.0	0.0015026296018031556
797	0.6931471805599453	1.0649062958852513	-1.0319429712369046	0.0	0.0015026296018031556
798	0.6931471805599453	1.0649062958852513	-1.0319429712369046	0.0	0.0015026296018031556
799	0.6931471805599453	1.598144001511486	-1.2641772033664764	0.0	0.002253944402704733
794 and article	0.6931471805599453	0.5321918853577666	-0.7295148287442598	0.0	7.513148009015778E-4
797 made due	0.6931471805599453	0.5321918853577666	-0.7295148287442598	0.0	7.513148009015778E-4
794 provided however	0.6931471805599453	0.5321918853577666	-0.7295148287442598	0.0	7.513148009015778E-4
792 to	0.6931471805599453	0.5321918853577666	-0.7295148287442598	0.0	7.513148009015778E-4
796 provided that	0.6931471805599453	0.5321918853577666	-0.7295148287442598	0.0	7.513148009015778E-4
799 and	0.6931471805599453	0.5321918853577666	-0.7295148287442598	0.0	7.513148009015778E-4
792 to 799	0.6931471805599453	0.5321918853577666	-0.7295148287442598	0.0	7.513148009015778E-4
798 is	0.6931471805599453	0.5321918853577666	-0.7295148287442598	0.0	7.513148009015778E-4
796 provided	0.6931471805599453	0.5321918853577666	-0.7295148287442598	0.0	7.513148009015778E-4
790 and	0.6931471805599453	0.5321918853577666	-0.7295148287442598	0.0	7.513148009015778E-4
794 and	0.6931471805599453	0.5321918853577666	-0.7295148287442598	0.0	7.513148009015778E-4
796 by fraud	0.6931471805599453	0.5321918853577666	-0.7295148287442598	0.0	7.513148009015778E-4
797 made	0.6931471805599453	0.5321918853577666	-0.7295148287442598	0.0	7.513148009015778E-4
796 by	0.6931471805599453	0.5321918853577666	-0.7295148287442598	0.0	7.513148009015778E-4
798 provided	0.6931471805599453	0.5321918853577666	-0.7295148287442598	0.0	7.513148009015778E-4
799 inclusive	0.6931471805599453	0.5321918853577666	-0.7295148287442598	0.0	7.513148009015778E-4
798 is not	0.6931471805599453	0.5321918853577666	-0.7295148287442598	0.0	7.513148009015778E-4
797 provided that	0.6931471805599453	0.5321918853577666	-0.7295148287442598	0.0	7.513148009015778E-4
799 and the	0.6931471805599453	0.5321918853577666	-0.7295148287442598	0.0	7.513148009015778E-4
