817-2 shall be	0.6931471805599453	0.5321918853577666	-0.7295148287442598	0.0	7.513148009015778E-4
817-3 and	0.6931471805599453	0.5321918853577666	-0.7295148287442598	0.0	7.513148009015778E-4
811-2 or the	0.6931471805599453	0.5321918853577666	-0.7295148287442598	0.0	7.513148009015778E-4
811 and article	0.6931471805599453	0.5321918853577666	-0.7295148287442598	0.0	7.513148009015778E-4
811-2	0.6931471805599453	0.5321918853577666	-0.7295148287442598	0.0	7.513148009015778E-4
817-3 and his	0.6931471805599453	0.5321918853577666	-0.7295148287442598	0.0	7.513148009015778E-4
811 may bring	0.6931471805599453	0.5321918853577666	-0.7295148287442598	0.0	7.513148009015778E-4
811	0.6931471805599453	1.0649062958852513	-1.0319429712369046	0.0	0.0015026296018031556
819 shall	0.6931471805599453	0.5321918853577666	-0.7295148287442598	0.0	7.513148009015778E-4
816	0.6931471805599453	0.5321918853577666	-0.7295148287442598	0.0	7.513148009015778E-4
811 may	0.6931471805599453	0.5321918853577666	-0.7295148287442598	0.0	7.513148009015778E-4
817-2 provided	0.6931471805599453	0.5321918853577666	-0.7295148287442598	0.0	7.513148009015778E-4
819	0.6931471805599453	1.0649062958852513	-1.0319429712369046	0.0	0.0015026296018031556
819 shall apply	0.6931471805599453	0.5321918853577666	-0.7295148287442598	0.0	7.513148009015778E-4
819 or the	0.6931471805599453	0.5321918853577666	-0.7295148287442598	0.0	7.513148009015778E-4
811-2 or	0.6931471805599453	0.5321918853577666	-0.7295148287442598	0.0	7.513148009015778E-4
816 shall apply	0.6931471805599453	0.5321918853577666	-0.7295148287442598	0.0	7.513148009015778E-4
817-9	0.6931471805599453	1.0649062958852513	-1.0319429712369046	0.0	0.0015026296018031556
817-3	0.6931471805599453	0.5321918853577666	-0.7295148287442598	0.0	7.513148009015778E-4
816 shall	0.6931471805599453	0.5321918853577666	-0.7295148287442598	0.0	7.513148009015778E-4
817-2	0.6931471805599453	1.0649062958852513	-1.0319429712369046	0.0	0.0015026296018031556
811 and	0.6931471805599453	0.5321918853577666	-0.7295148287442598	0.0	7.513148009015778E-4
817-2 provided that	0.6931471805599453	0.5321918853577666	-0.7295148287442598	0.0	7.513148009015778E-4
817-2 shall	0.6931471805599453	0.5321918853577666	-0.7295148287442598	0.0	7.513148009015778E-4
819 or	0.6931471805599453	0.5321918853577666	-0.7295148287442598	0.0	7.513148009015778E-4
