824 shall	0.6931471805599453	0.4841975981311339	-0.695843084417122	0.0	0.0017084282460136675
823 inclusive	0.6931471805599453	0.16124080958374037	-0.401548016535682	0.0	5.694760820045558E-4
820 to	0.6931471805599453	0.16124080958374037	-0.401548016535682	0.0	5.694760820045558E-4
820 to 823	0.6931471805599453	0.16124080958374037	-0.401548016535682	0.0	5.694760820045558E-4
820	0.6931471805599453	0.3226399312043818	-0.5680140237743975	0.0	0.0011389521640091116
823	0.6931471805599453	0.16124080958374037	-0.401548016535682	0.0	5.694760820045558E-4
826 shall apply	0.6931471805599453	0.16124080958374037	-0.401548016535682	0.0	5.694760820045558E-4
823 inclusive the	0.6931471805599453	0.16124080958374037	-0.401548016535682	0.0	5.694760820045558E-4
824	0.6931471805599453	0.4841975981311339	-0.695843084417122	0.0	0.0017084282460136675
826 shall	0.6931471805599453	0.16124080958374037	-0.401548016535682	0.0	5.694760820045558E-4
826	0.6931471805599453	0.16124080958374037	-0.401548016535682	0.0	5.694760820045558E-4
824 shall apply	0.6931471805599453	0.4841975981311339	-0.695843084417122	0.0	0.0017084282460136675
