832 shall apply	0.6931471805599453	0.4841975981311339	-0.695843084417122	0.0	0.0017084282460136675
834-2	0.6931471805599453	0.16124080958374037	-0.401548016535682	0.0	5.694760820045558E-4
830 shall apply	0.6931471805599453	0.16124080958374037	-0.401548016535682	0.0	5.694760820045558E-4
830	0.6931471805599453	0.16124080958374037	-0.401548016535682	0.0	5.694760820045558E-4
832	0.6931471805599453	0.4841975981311339	-0.695843084417122	0.0	0.0017084282460136675
834-2 or the	0.6931471805599453	0.16124080958374037	-0.401548016535682	0.0	5.694760820045558E-4
834-2 or	0.6931471805599453	0.16124080958374037	-0.401548016535682	0.0	5.694760820045558E-4
834 paragraph	0.6931471805599453	0.16124080958374037	-0.401548016535682	0.0	5.694760820045558E-4
834	0.6931471805599453	0.16124080958374037	-0.401548016535682	0.0	5.694760820045558E-4
834 paragraph 1	0.6931471805599453	0.16124080958374037	-0.401548016535682	0.0	5.694760820045558E-4
830 shall	0.6931471805599453	0.16124080958374037	-0.401548016535682	0.0	5.694760820045558E-4
832 shall	0.6931471805599453	0.4841975981311339	-0.695843084417122	0.0	0.0017084282460136675
