843 article 859-2	0.6931471805599453	0.16124080958374037	-0.401548016535682	0.0	5.694760820045558E-4
843 article 844	0.6931471805599453	0.3226399312043818	-0.5680140237743975	0.0	0.0011389521640091116
844 article 846	0.6931471805599453	0.4841975981311339	-0.695843084417122	0.0	0.0017084282460136675
840 and article	0.6931471805599453	0.16124080958374037	-0.401548016535682	0.0	5.694760820045558E-4
840 and	0.6931471805599453	0.16124080958374037	-0.401548016535682	0.0	5.694760820045558E-4
844 to	0.6931471805599453	0.3226399312043818	-0.5680140237743975	0.0	0.0011389521640091116
844 to 847	0.6931471805599453	0.3226399312043818	-0.5680140237743975	0.0	0.0011389521640091116
843 and from	0.6931471805599453	0.3226399312043818	-0.5680140237743975	0.0	0.0011389521640091116
847 inclusive shall	0.6931471805599453	0.3226399312043818	-0.5680140237743975	0.0	0.0011389521640091116
846 article	0.6931471805599453	0.4841975981311339	-0.695843084417122	0.0	0.0017084282460136675
847 article 850	0.6931471805599453	0.3226399312043818	-0.5680140237743975	0.0	0.0011389521640091116
847 paragraph 2	0.6931471805599453	0.16124080958374037	-0.401548016535682	0.0	5.694760820045558E-4
840	0.6931471805599453	0.16124080958374037	-0.401548016535682	0.0	5.694760820045558E-4
847 article	0.6931471805599453	0.3226399312043818	-0.5680140237743975	0.0	0.0011389521640091116
847 paragraph	0.6931471805599453	0.16124080958374037	-0.401548016535682	0.0	5.694760820045558E-4
843	0.6931471805599453	0.8077895032735075	-0.8987711072756553	0.0	0.0028473804100227792
844	0.6931471805599453	0.8077895032735075	-0.8987711072756553	0.0	0.0028473804100227792
843 and	0.6931471805599453	0.3226399312043818	-0.5680140237743975	0.0	0.0011389521640091116
844 article	0.6931471805599453	0.4841975981311339	-0.695843084417122	0.0	0.0017084282460136675
847 inclusive	0.6931471805599453	0.3226399312043818	-0.5680140237743975	0.0	0.0011389521640091116
846	0.6931471805599453	0.4841975981311339	-0.695843084417122	0.0	0.0017084282460136675
846 article 847	0.6931471805599453	0.4841975981311339	-0.695843084417122	0.0	0.0017084282460136675
847	0.6931471805599453	0.8077895032735075	-0.8987711072756553	0.0	0.0028473804100227792
843 article	0.6931471805599453	0.4841975981311339	-0.695843084417122	0.0	0.0017084282460136675
