850 article 851	0.6931471805599453	0.3226399312043818	-0.5680140237743975	0.0	0.0011389521640091116
853 to 857	0.6931471805599453	0.16124080958374037	-0.401548016535682	0.0	5.694760820045558E-4
859-3 shall	0.6931471805599453	0.16124080958374037	-0.401548016535682	0.0	5.694760820045558E-4
859-3 paragraph 2	0.6931471805599453	0.6459140440917206	-0.8036877777419043	0.0	0.002277904328018223
859-2 and	0.6931471805599453	0.16124080958374037	-0.401548016535682	0.0	5.694760820045558E-4
857-2	0.6931471805599453	0.16124080958374037	-0.401548016535682	0.0	5.694760820045558E-4
857 inclusive and	0.6931471805599453	0.16124080958374037	-0.401548016535682	0.0	5.694760820045558E-4
850	0.6931471805599453	0.3226399312043818	-0.5680140237743975	0.0	0.0011389521640091116
851	0.6931471805599453	0.3226399312043818	-0.5680140237743975	0.0	0.0011389521640091116
853 to	0.6931471805599453	0.16124080958374037	-0.401548016535682	0.0	5.694760820045558E-4
859-3 shall apply	0.6931471805599453	0.16124080958374037	-0.401548016535682	0.0	5.694760820045558E-4
853	0.6931471805599453	0.16124080958374037	-0.401548016535682	0.0	5.694760820045558E-4
857-2 shall	0.6931471805599453	0.16124080958374037	-0.401548016535682	0.0	5.694760820045558E-4
857-2 shall apply	0.6931471805599453	0.16124080958374037	-0.401548016535682	0.0	5.694760820045558E-4
857	0.6931471805599453	0.16124080958374037	-0.401548016535682	0.0	5.694760820045558E-4
859-2 and article	0.6931471805599453	0.16124080958374037	-0.401548016535682	0.0	5.694760820045558E-4
859-2 article 859-3	0.6931471805599453	0.6459140440917206	-0.8036877777419043	0.0	0.002277904328018223
851 article 859-2	0.6931471805599453	0.3226399312043818	-0.5680140237743975	0.0	0.0011389521640091116
850 article	0.6931471805599453	0.3226399312043818	-0.5680140237743975	0.0	0.0011389521640091116
851 shall	0.6931471805599453	0.3226399312043818	-0.5680140237743975	0.0	0.0011389521640091116
857 inclusive	0.6931471805599453	0.16124080958374037	-0.401548016535682	0.0	5.694760820045558E-4
851 shall be	0.6931471805599453	0.3226399312043818	-0.5680140237743975	0.0	0.0011389521640091116
859-3	0.6931471805599453	0.8077895032735075	-0.8987711072756553	0.0	0.0028473804100227792
859-3 paragraph	0.6931471805599453	0.6459140440917206	-0.8036877777419043	0.0	0.002277904328018223
859-2	0.6931471805599453	0.8077895032735075	-0.8987711072756553	0.0	0.0028473804100227792
859-2 article	0.6931471805599453	0.6459140440917206	-0.8036877777419043	0.0	0.002277904328018223
851 article	0.6931471805599453	0.3226399312043818	-0.5680140237743975	0.0	0.0011389521640091116
