861 and article	0.6931471805599453	0.4841975981311339	-0.695843084417122	0.0	0.0017084282460136675
861 article 862	0.6931471805599453	0.3226399312043818	-0.5680140237743975	0.0	0.0011389521640091116
862 and article	0.6931471805599453	0.16124080958374037	-0.401548016535682	0.0	5.694760820045558E-4
866 inclusive shall	0.6931471805599453	0.16124080958374037	-0.401548016535682	0.0	5.694760820045558E-4
862 article	0.6931471805599453	0.16124080958374037	-0.401548016535682	0.0	5.694760820045558E-4
863 and	0.6931471805599453	0.16124080958374037	-0.401548016535682	0.0	5.694760820045558E-4
862 shall	0.6931471805599453	0.4841975981311339	-0.695843084417122	0.0	0.0017084282460136675
861 and	0.6931471805599453	0.4841975981311339	-0.695843084417122	0.0	0.0017084282460136675
863 and paragraph	0.6931471805599453	0.16124080958374037	-0.401548016535682	0.0	5.694760820045558E-4
863 shall apply	0.6931471805599453	0.16124080958374037	-0.401548016535682	0.0	5.694760820045558E-4
861	0.6931471805599453	0.9698242103246322	-0.9847965324495369	0.0	0.003416856492027335
862 shall apply	0.6931471805599453	0.4841975981311339	-0.695843084417122	0.0	0.0017084282460136675
862	0.6931471805599453	0.8077895032735075	-0.8987711072756553	0.0	0.0028473804100227792
863 shall	0.6931471805599453	0.16124080958374037	-0.401548016535682	0.0	5.694760820045558E-4
861 article	0.6931471805599453	0.3226399312043818	-0.5680140237743975	0.0	0.0011389521640091116
863	0.6931471805599453	0.3226399312043818	-0.5680140237743975	0.0	0.0011389521640091116
861 to	0.6931471805599453	0.16124080958374037	-0.401548016535682	0.0	5.694760820045558E-4
862 and	0.6931471805599453	0.16124080958374037	-0.401548016535682	0.0	5.694760820045558E-4
866	0.6931471805599453	0.16124080958374037	-0.401548016535682	0.0	5.694760820045558E-4
861 to 866	0.6931471805599453	0.16124080958374037	-0.401548016535682	0.0	5.694760820045558E-4
862 article 863	0.6931471805599453	0.16124080958374037	-0.401548016535682	0.0	5.694760820045558E-4
866 inclusive	0.6931471805599453	0.16124080958374037	-0.401548016535682	0.0	5.694760820045558E-4
