870 article 871	0.6931471805599453	0.3226399312043818	-0.5680140237743975	0.0	0.0011389521640091116
871 and article	0.6931471805599453	0.3226399312043818	-0.5680140237743975	0.0	0.0011389521640091116
876-4 shall apply	0.6931471805599453	0.16124080958374037	-0.401548016535682	0.0	5.694760820045558E-4
870 article	0.6931471805599453	0.3226399312043818	-0.5680140237743975	0.0	0.0011389521640091116
876-5 shall apply	0.6931471805599453	0.16124080958374037	-0.401548016535682	0.0	5.694760820045558E-4
872 the	0.6931471805599453	0.16124080958374037	-0.401548016535682	0.0	5.694760820045558E-4
876-9	1.3862943611198906	12.42207847402558	3.5244969107697597	0.007067137809187279	0.0
876-9 are to	1.0986122886681098	6.207991622078044	2.491584159140133	0.0035335689045936395	0.0
876-4	0.6931471805599453	0.16124080958374037	-0.401548016535682	0.0	5.694760820045558E-4
876-9 are	1.0986122886681098	6.207991622078044	2.491584159140133	0.0035335689045936395	0.0
870	0.6931471805599453	0.3226399312043818	-0.5680140237743975	0.0	0.0011389521640091116
876-5	0.6931471805599453	0.16124080958374037	-0.401548016535682	0.0	5.694760820045558E-4
871	0.6931471805599453	0.3226399312043818	-0.5680140237743975	0.0	0.0011389521640091116
872	0.6931471805599453	0.16124080958374037	-0.401548016535682	0.0	5.694760820045558E-4
871 and	0.6931471805599453	0.3226399312043818	-0.5680140237743975	0.0	0.0011389521640091116
873	0.6931471805599453	0.3226399312043818	-0.5680140237743975	0.0	0.0011389521640091116
872 the period	0.6931471805599453	0.16124080958374037	-0.401548016535682	0.0	5.694760820045558E-4
873 shall apply	0.6931471805599453	0.3226399312043818	-0.5680140237743975	0.0	0.0011389521640091116
876-5 shall	0.6931471805599453	0.16124080958374037	-0.401548016535682	0.0	5.694760820045558E-4
873 shall	0.6931471805599453	0.3226399312043818	-0.5680140237743975	0.0	0.0011389521640091116
876-4 shall	0.6931471805599453	0.16124080958374037	-0.401548016535682	0.0	5.694760820045558E-4
