887 article	0.6931471805599453	0.16124080958374037	-0.401548016535682	0.0	5.694760820045558E-4
886 and article	0.6931471805599453	0.16124080958374037	-0.401548016535682	0.0	5.694760820045558E-4
887 the	0.6931471805599453	0.16124080958374037	-0.401548016535682	0.0	5.694760820045558E-4
887 or the	0.6931471805599453	0.16124080958374037	-0.401548016535682	0.0	5.694760820045558E-4
887 article 900	0.6931471805599453	0.16124080958374037	-0.401548016535682	0.0	5.694760820045558E-4
887 shall be	0.6931471805599453	0.16124080958374037	-0.401548016535682	0.0	5.694760820045558E-4
887 or	0.6931471805599453	0.16124080958374037	-0.401548016535682	0.0	5.694760820045558E-4
887 shall	0.6931471805599453	0.3226399312043818	-0.5680140237743975	0.0	0.0011389521640091116
887 shall apply	0.6931471805599453	0.16124080958374037	-0.401548016535682	0.0	5.694760820045558E-4
886	0.6931471805599453	0.16124080958374037	-0.401548016535682	0.0	5.694760820045558E-4
887	0.6931471805599453	0.8077895032735075	-0.8987711072756553	0.0	0.0028473804100227792
886 and	0.6931471805599453	0.16124080958374037	-0.401548016535682	0.0	5.694760820045558E-4
889	0.6931471805599453	0.16124080958374037	-0.401548016535682	0.0	5.694760820045558E-4
887 the following	0.6931471805599453	0.16124080958374037	-0.401548016535682	0.0	5.694760820045558E-4
