907	0.6931471805599453	0.16124080958374037	-0.401548016535682	0.0	5.694760820045558E-4
907 or	0.6931471805599453	0.16124080958374037	-0.401548016535682	0.0	5.694760820045558E-4
902 inclusive	0.6931471805599453	0.16124080958374037	-0.401548016535682	0.0	5.694760820045558E-4
903 and article	0.6931471805599453	0.16124080958374037	-0.401548016535682	0.0	5.694760820045558E-4
900 article 901	0.6931471805599453	0.16124080958374037	-0.401548016535682	0.0	5.694760820045558E-4
901 article 903	0.6931471805599453	0.16124080958374037	-0.401548016535682	0.0	5.694760820045558E-4
900 article	0.6931471805599453	0.16124080958374037	-0.401548016535682	0.0	5.694760820045558E-4
904 shall	0.6931471805599453	0.16124080958374037	-0.401548016535682	0.0	5.694760820045558E-4
900 to 902	0.6931471805599453	0.16124080958374037	-0.401548016535682	0.0	5.694760820045558E-4
907 or in	0.6931471805599453	0.16124080958374037	-0.401548016535682	0.0	5.694760820045558E-4
901 article	0.6931471805599453	0.16124080958374037	-0.401548016535682	0.0	5.694760820045558E-4
900	0.6931471805599453	0.3226399312043818	-0.5680140237743975	0.0	0.0011389521640091116
903 and	0.6931471805599453	0.16124080958374037	-0.401548016535682	0.0	5.694760820045558E-4
901	0.6931471805599453	0.16124080958374037	-0.401548016535682	0.0	5.694760820045558E-4
902	0.6931471805599453	0.16124080958374037	-0.401548016535682	0.0	5.694760820045558E-4
900 to	0.6931471805599453	0.16124080958374037	-0.401548016535682	0.0	5.694760820045558E-4
903	0.6931471805599453	0.16124080958374037	-0.401548016535682	0.0	5.694760820045558E-4
904	0.6931471805599453	0.16124080958374037	-0.401548016535682	0.0	5.694760820045558E-4
904 shall apply	0.6931471805599453	0.16124080958374037	-0.401548016535682	0.0	5.694760820045558E-4
