918	0.6931471805599453	0.3226399312043818	-0.5680140237743975	0.0	0.0011389521640091116
919	0.6931471805599453	0.16124080958374037	-0.401548016535682	0.0	5.694760820045558E-4
919 shall	0.6931471805599453	0.16124080958374037	-0.401548016535682	0.0	5.694760820045558E-4
915 shall be	0.6931471805599453	0.16124080958374037	-0.401548016535682	0.0	5.694760820045558E-4
910	0.6931471805599453	0.16124080958374037	-0.401548016535682	0.0	5.694760820045558E-4
915 shall	0.6931471805599453	0.16124080958374037	-0.401548016535682	0.0	5.694760820045558E-4
918 shall apply	0.6931471805599453	0.3226399312043818	-0.5680140237743975	0.0	0.0011389521640091116
915 iii if	0.6931471805599453	0.16124080958374037	-0.401548016535682	0.0	5.694760820045558E-4
919 shall apply	0.6931471805599453	0.16124080958374037	-0.401548016535682	0.0	5.694760820045558E-4
915	0.6931471805599453	0.6459140440917206	-0.8036877777419043	0.0	0.002277904328018223
915 iii	0.6931471805599453	0.16124080958374037	-0.401548016535682	0.0	5.694760820045558E-4
918 shall	0.6931471805599453	0.3226399312043818	-0.5680140237743975	0.0	0.0011389521640091116
