929	0.6931471805599453	0.16124080958374037	-0.401548016535682	0.0	5.694760820045558E-4
927 to	0.6931471805599453	0.16124080958374037	-0.401548016535682	0.0	5.694760820045558E-4
927 shall	0.6931471805599453	0.3226399312043818	-0.5680140237743975	0.0	0.0011389521640091116
929 to	0.6931471805599453	0.16124080958374037	-0.401548016535682	0.0	5.694760820045558E-4
927 a	0.6931471805599453	0.16124080958374037	-0.401548016535682	0.0	5.694760820045558E-4
929 to 931	0.6931471805599453	0.16124080958374037	-0.401548016535682	0.0	5.694760820045558E-4
927 within the	0.6931471805599453	0.16124080958374037	-0.401548016535682	0.0	5.694760820045558E-4
927 and	0.6931471805599453	0.16124080958374037	-0.401548016535682	0.0	5.694760820045558E-4
925 articles	0.6931471805599453	0.16124080958374037	-0.401548016535682	0.0	5.694760820045558E-4
927 or	0.6931471805599453	0.16124080958374037	-0.401548016535682	0.0	5.694760820045558E-4
927 a person	0.6931471805599453	0.16124080958374037	-0.401548016535682	0.0	5.694760820045558E-4
927 or has	0.6931471805599453	0.16124080958374037	-0.401548016535682	0.0	5.694760820045558E-4
928 to	0.6931471805599453	0.16124080958374037	-0.401548016535682	0.0	5.694760820045558E-4
926 to	0.6931471805599453	0.16124080958374037	-0.401548016535682	0.0	5.694760820045558E-4
927 within	0.6931471805599453	0.16124080958374037	-0.401548016535682	0.0	5.694760820045558E-4
926 to 935	0.6931471805599453	0.16124080958374037	-0.401548016535682	0.0	5.694760820045558E-4
927 and articles	0.6931471805599453	0.16124080958374037	-0.401548016535682	0.0	5.694760820045558E-4
921 relating to	0.6931471805599453	0.16124080958374037	-0.401548016535682	0.0	5.694760820045558E-4
928 to 935	0.6931471805599453	0.16124080958374037	-0.401548016535682	0.0	5.694760820045558E-4
927 to 934	0.6931471805599453	0.16124080958374037	-0.401548016535682	0.0	5.694760820045558E-4
925 articles 927	0.6931471805599453	0.16124080958374037	-0.401548016535682	0.0	5.694760820045558E-4
921 relating	0.6931471805599453	0.16124080958374037	-0.401548016535682	0.0	5.694760820045558E-4
921	0.6931471805599453	0.16124080958374037	-0.401548016535682	0.0	5.694760820045558E-4
925	0.6931471805599453	0.16124080958374037	-0.401548016535682	0.0	5.694760820045558E-4
926	0.6931471805599453	0.16124080958374037	-0.401548016535682	0.0	5.694760820045558E-4
927	0.6931471805599453	0.9698242103246322	-0.9847965324495369	0.0	0.003416856492027335
927 shall be	0.6931471805599453	0.3226399312043818	-0.5680140237743975	0.0	0.0011389521640091116
928	0.6931471805599453	0.16124080958374037	-0.401548016535682	0.0	5.694760820045558E-4
