935 inclusive	0.6931471805599453	0.16124080958374037	-0.401548016535682	0.0	5.694760820045558E-4
935 excluding the	0.6931471805599453	0.16124080958374037	-0.401548016535682	0.0	5.694760820045558E-4
931 inclusive he	0.6931471805599453	0.16124080958374037	-0.401548016535682	0.0	5.694760820045558E-4
930 to 934	0.6931471805599453	0.16124080958374037	-0.401548016535682	0.0	5.694760820045558E-4
934 inclusive	0.6931471805599453	0.3226399312043818	-0.5680140237743975	0.0	0.0011389521640091116
934 inclusive shall	0.6931471805599453	0.16124080958374037	-0.401548016535682	0.0	5.694760820045558E-4
935 excluding	0.6931471805599453	0.16124080958374037	-0.401548016535682	0.0	5.694760820045558E-4
930 to	0.6931471805599453	0.16124080958374037	-0.401548016535682	0.0	5.694760820045558E-4
932 shall apply	0.6931471805599453	0.16124080958374037	-0.401548016535682	0.0	5.694760820045558E-4
931 inclusive	0.6931471805599453	0.16124080958374037	-0.401548016535682	0.0	5.694760820045558E-4
932 shall	0.6931471805599453	0.16124080958374037	-0.401548016535682	0.0	5.694760820045558E-4
930	0.6931471805599453	0.16124080958374037	-0.401548016535682	0.0	5.694760820045558E-4
931	0.6931471805599453	0.16124080958374037	-0.401548016535682	0.0	5.694760820045558E-4
935 inclusive shall	0.6931471805599453	0.16124080958374037	-0.401548016535682	0.0	5.694760820045558E-4
934 inclusive articles	0.6931471805599453	0.16124080958374037	-0.401548016535682	0.0	5.694760820045558E-4
932	0.6931471805599453	0.16124080958374037	-0.401548016535682	0.0	5.694760820045558E-4
934	0.6931471805599453	0.3226399312043818	-0.5680140237743975	0.0	0.0011389521640091116
935	0.6931471805599453	0.3226399312043818	-0.5680140237743975	0.0	0.0011389521640091116
