941 an	0.6931471805599453	0.16124080958374037	-0.401548016535682	0.0	5.694760820045558E-4
941 provided however	0.6931471805599453	0.16124080958374037	-0.401548016535682	0.0	5.694760820045558E-4
945 inclusive and	0.6931471805599453	0.16124080958374037	-0.401548016535682	0.0	5.694760820045558E-4
941 provided	0.6931471805599453	0.16124080958374037	-0.401548016535682	0.0	5.694760820045558E-4
945 inclusive	0.6931471805599453	0.16124080958374037	-0.401548016535682	0.0	5.694760820045558E-4
941 an heir	0.6931471805599453	0.16124080958374037	-0.401548016535682	0.0	5.694760820045558E-4
941	0.6931471805599453	0.3226399312043818	-0.5680140237743975	0.0	0.0011389521640091116
943	0.6931471805599453	0.16124080958374037	-0.401548016535682	0.0	5.694760820045558E-4
945	0.6931471805599453	0.16124080958374037	-0.401548016535682	0.0	5.694760820045558E-4
943 to	0.6931471805599453	0.16124080958374037	-0.401548016535682	0.0	5.694760820045558E-4
948 shall apply	0.6931471805599453	0.16124080958374037	-0.401548016535682	0.0	5.694760820045558E-4
943 to 945	0.6931471805599453	0.16124080958374037	-0.401548016535682	0.0	5.694760820045558E-4
948	0.6931471805599453	0.16124080958374037	-0.401548016535682	0.0	5.694760820045558E-4
948 shall	0.6931471805599453	0.16124080958374037	-0.401548016535682	0.0	5.694760820045558E-4
