956 shall apply	0.6931471805599453	0.16124080958374037	-0.401548016535682	0.0	5.694760820045558E-4
952 an	0.6931471805599453	0.16124080958374037	-0.401548016535682	0.0	5.694760820045558E-4
951	0.6931471805599453	0.16124080958374037	-0.401548016535682	0.0	5.694760820045558E-4
952	0.6931471805599453	0.16124080958374037	-0.401548016535682	0.0	5.694760820045558E-4
952 an administrator	0.6931471805599453	0.16124080958374037	-0.401548016535682	0.0	5.694760820045558E-4
956	0.6931471805599453	0.16124080958374037	-0.401548016535682	0.0	5.694760820045558E-4
958	0.6931471805599453	0.16124080958374037	-0.401548016535682	0.0	5.694760820045558E-4
951 shall	0.6931471805599453	0.16124080958374037	-0.401548016535682	0.0	5.694760820045558E-4
956 shall	0.6931471805599453	0.16124080958374037	-0.401548016535682	0.0	5.694760820045558E-4
951 shall be	0.6931471805599453	0.16124080958374037	-0.401548016535682	0.0	5.694760820045558E-4
