975 inclusive shall	0.6931471805599453	0.16124080958374037	-0.401548016535682	0.0	5.694760820045558E-4
973 to	0.6931471805599453	0.16124080958374037	-0.401548016535682	0.0	5.694760820045558E-4
978 a testator	0.6931471805599453	0.16124080958374037	-0.401548016535682	0.0	5.694760820045558E-4
977 to	0.6931471805599453	0.16124080958374037	-0.401548016535682	0.0	5.694760820045558E-4
975 inclusive	0.6931471805599453	0.16124080958374037	-0.401548016535682	0.0	5.694760820045558E-4
977 to 979	0.6931471805599453	0.16124080958374037	-0.401548016535682	0.0	5.694760820045558E-4
979 inclusive if	0.6931471805599453	0.16124080958374037	-0.401548016535682	0.0	5.694760820045558E-4
97 shall	0.6931471805599453	0.16124080958374037	-0.401548016535682	0.0	5.694760820045558E-4
970	0.6931471805599453	0.3226399312043818	-0.5680140237743975	0.0	0.0011389521640091116
973 to 975	0.6931471805599453	0.16124080958374037	-0.401548016535682	0.0	5.694760820045558E-4
973	0.6931471805599453	0.16124080958374037	-0.401548016535682	0.0	5.694760820045558E-4
975	0.6931471805599453	0.16124080958374037	-0.401548016535682	0.0	5.694760820045558E-4
976	0.6931471805599453	0.4841975981311339	-0.695843084417122	0.0	0.0017084282460136675
977	0.6931471805599453	0.3226399312043818	-0.5680140237743975	0.0	0.0011389521640091116
979 inclusive	0.6931471805599453	0.16124080958374037	-0.401548016535682	0.0	5.694760820045558E-4
978	0.6931471805599453	0.16124080958374037	-0.401548016535682	0.0	5.694760820045558E-4
979	0.6931471805599453	0.16124080958374037	-0.401548016535682	0.0	5.694760820045558E-4
97	0.6931471805599453	0.16124080958374037	-0.401548016535682	0.0	5.694760820045558E-4
976 to 982	0.6931471805599453	0.16124080958374037	-0.401548016535682	0.0	5.694760820045558E-4
977 and	0.6931471805599453	0.16124080958374037	-0.401548016535682	0.0	5.694760820045558E-4
978 a	0.6931471805599453	0.16124080958374037	-0.401548016535682	0.0	5.694760820045558E-4
976 to	0.6931471805599453	0.3226399312043818	-0.5680140237743975	0.0	0.0011389521640091116
976 to 981	0.6931471805599453	0.16124080958374037	-0.401548016535682	0.0	5.694760820045558E-4
976 shall	0.6931471805599453	0.16124080958374037	-0.401548016535682	0.0	5.694760820045558E-4
977 and article	0.6931471805599453	0.16124080958374037	-0.401548016535682	0.0	5.694760820045558E-4
976 shall apply	0.6931471805599453	0.16124080958374037	-0.401548016535682	0.0	5.694760820045558E-4
97 shall not	0.6931471805599453	0.16124080958374037	-0.401548016535682	0.0	5.694760820045558E-4
