are delivered	0.6931471805599453	0.16124080958374037	-0.401548016535682	0.0	5.694760820045558E-4
article 900 article	0.6931471805599453	0.16124080958374037	-0.401548016535682	0.0	5.694760820045558E-4
arose provided	0.6931471805599453	0.16124080958374037	-0.401548016535682	0.0	5.694760820045558E-4
articles 929 to	0.6931471805599453	0.16124080958374037	-0.401548016535682	0.0	5.694760820045558E-4
article 299	0.6931471805599453	0.16124080958374037	-0.401548016535682	0.0	5.694760820045558E-4
arose the proportions	0.6931471805599453	0.16124080958374037	-0.401548016535682	0.0	5.694760820045558E-4
are more than	0.6931471805599453	0.4841975981311339	-0.695843084417122	0.0	0.0017084282460136675
article 296	0.6931471805599453	0.3226399312043818	-0.5680140237743975	0.0	0.0011389521640091116
article 298	0.6931471805599453	0.16124080958374037	-0.401548016535682	0.0	5.694760820045558E-4
are married to	0.6931471805599453	0.16124080958374037	-0.401548016535682	0.0	5.694760820045558E-4
are not due	0.6931471805599453	0.16124080958374037	-0.401548016535682	0.0	5.694760820045558E-4
article even if	0.6931471805599453	0.16124080958374037	-0.401548016535682	0.0	5.694760820045558E-4
article 9 article	0.6931471805599453	0.16124080958374037	-0.401548016535682	0.0	5.694760820045558E-4
arise from any	0.6931471805599453	0.16124080958374037	-0.401548016535682	0.0	5.694760820045558E-4
arise from assistance	0.6931471805599453	0.16124080958374037	-0.401548016535682	0.0	5.694760820045558E-4
article 859-2 article	0.6931471805599453	0.6459140440917206	-0.8036877777419043	0.0	0.002277904328018223
article i if	0.6931471805599453	0.16124080958374037	-0.401548016535682	0.0	5.694760820045558E-4
arrives prior to	0.6931471805599453	0.16124080958374037	-0.401548016535682	0.0	5.694760820045558E-4
article 777 shall	0.6931471805599453	0.16124080958374037	-0.401548016535682	0.0	5.694760820045558E-4
arrive within	0.6931471805599453	0.16124080958374037	-0.401548016535682	0.0	5.694760820045558E-4
article 620 shall	0.6931471805599453	0.4841975981311339	-0.695843084417122	0.0	0.0017084282460136675
article 644 and	0.6931471805599453	0.16124080958374037	-0.401548016535682	0.0	5.694760820045558E-4
arising from a's	1.0986122886681098	6.207991622078044	2.491584159140133	0.0035335689045936395	0.0
article 921 relating	0.6931471805599453	0.16124080958374037	-0.401548016535682	0.0	5.694760820045558E-4
article 903 and	0.6931471805599453	0.16124080958374037	-0.401548016535682	0.0	5.694760820045558E-4
are to	0.7375989431307791	0.3106211185465491	-0.5573339380896781	0.0035335689045936395	0.006264236902050114
articles 442	0.6931471805599453	0.16124080958374037	-0.401548016535682	0.0	5.694760820045558E-4
arrives	0.7884573603642703	0.03911347549488644	0.19777127065093764	0.0035335689045936395	0.0028473804100227792
articles 434	0.6931471805599453	0.4841975981311339	-0.695843084417122	0.0	0.0017084282460136675
are prohibited by	0.6931471805599453	0.16124080958374037	-0.401548016535682	0.0	5.694760820045558E-4
articles 1022	0.6931471805599453	0.16124080958374037	-0.401548016535682	0.0	5.694760820045558E-4
arrangement which	0.6931471805599453	0.16124080958374037	-0.401548016535682	0.0	5.694760820045558E-4
are justifiable	0.6931471805599453	0.4841975981311339	-0.695843084417122	0.0	0.0017084282460136675
are several guarantors	0.6931471805599453	0.16124080958374037	-0.401548016535682	0.0	5.694760820045558E-4
article or the	0.6931471805599453	0.16124080958374037	-0.401548016535682	0.0	5.694760820045558E-4
arbitrate as	1.0986122886681098	6.207991622078044	2.491584159140133	0.0035335689045936395	0.0
article 769 shall	0.6931471805599453	0.3226399312043818	-0.5680140237743975	0.0	0.0011389521640091116
are assumed after	0.6931471805599453	0.16124080958374037	-0.401548016535682	0.0	5.694760820045558E-4
arrived	0.9162907318741551	0.9512642445189431	0.9753277626105714	0.0035335689045936395	0.0011389521640091116
are so	0.6931471805599453	0.4841975981311339	-0.695843084417122	0.0	0.0017084282460136675
arise from that	0.6931471805599453	0.16124080958374037	-0.401548016535682	0.0	5.694760820045558E-4
article the family	0.8472978603872037	0.4146641099729753	0.6439441823426743	0.0035335689045936395	0.0017084282460136675
are obtained from	1.0986122886681098	6.207991622078044	2.491584159140133	0.0035335689045936395	0.0
article 398-4	0.6931471805599453	0.3226399312043818	-0.5680140237743975	0.0	0.0011389521640091116
articles 1011	0.6931471805599453	0.16124080958374037	-0.401548016535682	0.0	5.694760820045558E-4
article 796 by	0.6931471805599453	0.16124080958374037	-0.401548016535682	0.0	5.694760820045558E-4
are heirs one	0.6931471805599453	0.16124080958374037	-0.401548016535682	0.0	5.694760820045558E-4
articles 930 to	0.6931471805599453	0.16124080958374037	-0.401548016535682	0.0	5.694760820045558E-4
article 398-12	0.6931471805599453	0.16124080958374037	-0.401548016535682	0.0	5.694760820045558E-4
arrive within that	0.6931471805599453	0.16124080958374037	-0.401548016535682	0.0	5.694760820045558E-4
article 128 and	1.0986122886681098	6.207991622078044	2.491584159140133	0.0035335689045936395	0.0
article 398-16	0.6931471805599453	0.4841975981311339	-0.695843084417122	0.0	0.0017084282460136675
article 817-3 and	0.6931471805599453	0.16124080958374037	-0.401548016535682	0.0	5.694760820045558E-4
article 304 article	0.6931471805599453	0.16124080958374037	-0.401548016535682	0.0	5.694760820045558E-4
article 766 a	0.6931471805599453	0.16124080958374037	-0.401548016535682	0.0	5.694760820045558E-4
article are	0.6931471805599453	0.16124080958374037	-0.401548016535682	0.0	5.694760820045558E-4
article the spouse	0.6931471805599453	0.16124080958374037	-0.401548016535682	0.0	5.694760820045558E-4
arising from such	0.6931471805599453	0.16124080958374037	-0.401548016535682	0.0	5.694760820045558E-4
are interested persons	0.6931471805599453	0.16124080958374037	-0.401548016535682	0.0	5.694760820045558E-4
article 650 paragraph	0.6931471805599453	0.16124080958374037	-0.401548016535682	0.0	5.694760820045558E-4
arose the exercise	0.6931471805599453	0.16124080958374037	-0.401548016535682	0.0	5.694760820045558E-4
are justifiable reasons	0.6931471805599453	0.16124080958374037	-0.401548016535682	0.0	5.694760820045558E-4
arose from the	0.6931471805599453	0.6459140440917206	-0.8036877777419043	0.0	0.002277904328018223
article 560 through	0.6931471805599453	0.16124080958374037	-0.401548016535682	0.0	5.694760820045558E-4
article 17 may	1.0986122886681098	6.207991622078044	2.491584159140133	0.0035335689045936395	0.0
are pressing	0.6931471805599453	0.16124080958374037	-0.401548016535682	0.0	5.694760820045558E-4
article 797 provided	0.6931471805599453	0.16124080958374037	-0.401548016535682	0.0	5.694760820045558E-4
are justifiable grounds	0.6931471805599453	0.3226399312043818	-0.5680140237743975	0.0	0.0011389521640091116
are prohibited	0.6931471805599453	0.16124080958374037	-0.401548016535682	0.0	5.694760820045558E-4
area	1.3862943611198906	12.42207847402558	3.5244969107697597	0.007067137809187279	0.0
articles 488	0.6931471805599453	0.16124080958374037	-0.401548016535682	0.0	5.694760820045558E-4
articles if an	0.6931471805599453	0.16124080958374037	-0.401548016535682	0.0	5.694760820045558E-4
article 489	0.6931471805599453	0.16124080958374037	-0.401548016535682	0.0	5.694760820045558E-4
article 242	0.6931471805599453	0.3226399312043818	-0.5680140237743975	0.0	0.0011389521640091116
article 563 through	0.6931471805599453	0.16124080958374037	-0.401548016535682	0.0	5.694760820045558E-4
arose under	0.6931471805599453	0.16124080958374037	-0.401548016535682	0.0	5.694760820045558E-4
article	0.7472144018302211	4.6028407170648995	-2.145423202322772	0.10954063604240283	0.15888382687927108
article 9 i	1.0986122886681098	6.207991622078044	2.491584159140133	0.0035335689045936395	0.0
article 748 shall	0.6931471805599453	0.16124080958374037	-0.401548016535682	0.0	5.694760820045558E-4
articles 243	0.6931471805599453	0.16124080958374037	-0.401548016535682	0.0	5.694760820045558E-4
article 811-2	0.6931471805599453	0.16124080958374037	-0.401548016535682	0.0	5.694760820045558E-4
article 857-2	0.6931471805599453	0.16124080958374037	-0.401548016535682	0.0	5.694760820045558E-4
article article	0.6931471805599453	0.16124080958374037	-0.401548016535682	0.0	5.694760820045558E-4
article 20 and	0.6931471805599453	0.16124080958374037	-0.401548016535682	0.0	5.694760820045558E-4
article 797 made	0.6931471805599453	0.16124080958374037	-0.401548016535682	0.0	5.694760820045558E-4
article 271	0.6931471805599453	0.16124080958374037	-0.401548016535682	0.0	5.694760820045558E-4
articles the person	0.6931471805599453	0.16124080958374037	-0.401548016535682	0.0	5.694760820045558E-4
are only	0.6931471805599453	0.16124080958374037	-0.401548016535682	0.0	5.694760820045558E-4
arose in	0.6931471805599453	0.16124080958374037	-0.401548016535682	0.0	5.694760820045558E-4
are equivalent to	1.0986122886681098	6.207991622078044	2.491584159140133	0.0035335689045936395	0.0
arises after an	0.6931471805599453	0.3226399312043818	-0.5680140237743975	0.0	0.0011389521640091116
article paragraph 1	0.6931471805599453	0.16124080958374037	-0.401548016535682	0.0	5.694760820045558E-4
are rights that	0.6931471805599453	0.3226399312043818	-0.5680140237743975	0.0	0.0011389521640091116
article 887 shall	0.6931471805599453	0.3226399312043818	-0.5680140237743975	0.0	0.0011389521640091116
are agreed	0.6931471805599453	0.16124080958374037	-0.401548016535682	0.0	5.694760820045558E-4
arising from the	0.6931471805599453	0.6459140440917206	-0.8036877777419043	0.0	0.002277904328018223
articles 792 to	0.6931471805599453	0.16124080958374037	-0.401548016535682	0.0	5.694760820045558E-4
articles shall	0.6931471805599453	1.2943723089381107	-1.1377048426275203	0.0	0.004555808656036446
article 927 or	0.6931471805599453	0.16124080958374037	-0.401548016535682	0.0	5.694760820045558E-4
article without	0.6931471805599453	0.16124080958374037	-0.401548016535682	0.0	5.694760820045558E-4
article 269	0.6931471805599453	0.16124080958374037	-0.401548016535682	0.0	5.694760820045558E-4
article in accordance	0.6931471805599453	0.16124080958374037	-0.401548016535682	0.0	5.694760820045558E-4
article 260	0.6931471805599453	0.16124080958374037	-0.401548016535682	0.0	5.694760820045558E-4
article a gift	0.6931471805599453	0.16124080958374037	-0.401548016535682	0.0	5.694760820045558E-4
arrival of such	1.5040773967762742	19.46228966708401	4.411608512445773	0.0176678445229682	0.0011389521640091116
arises	0.6931471805599453	1.9453898565268646	-1.3947723314315008	0.0	0.00683371298405467
article 103 he	1.0986122886681098	6.207991622078044	2.491584159140133	0.0035335689045936395	0.0
are mixed	0.6931471805599453	0.16124080958374037	-0.401548016535682	0.0	5.694760820045558E-4
arisen	0.6931471805599453	0.16124080958374037	-0.401548016535682	0.0	5.694760820045558E-4
arises from	0.6931471805599453	0.6459140440917206	-0.8036877777419043	0.0	0.002277904328018223
articles 853	0.6931471805599453	0.16124080958374037	-0.401548016535682	0.0	5.694760820045558E-4
are capable	0.6931471805599453	0.16124080958374037	-0.401548016535682	0.0	5.694760820045558E-4
articles 434 to	0.6931471805599453	0.4841975981311339	-0.695843084417122	0.0	0.0017084282460136675
article 715 paragraph	0.6931471805599453	0.3226399312043818	-0.5680140237743975	0.0	0.0011389521640091116
articles 113 to	1.0986122886681098	6.207991622078044	2.491584159140133	0.0035335689045936395	0.0
are judged	0.6931471805599453	0.16124080958374037	-0.401548016535682	0.0	5.694760820045558E-4
article 747 shall	0.6931471805599453	0.3226399312043818	-0.5680140237743975	0.0	0.0011389521640091116
are married	0.6931471805599453	0.4841975981311339	-0.695843084417122	0.0	0.0017084282460136675
arrives at the	1.0986122886681098	6.207991622078044	2.491584159140133	0.0035335689045936395	0.0
argent is	1.0986122886681098	6.207991622078044	2.491584159140133	0.0035335689045936395	0.0
article 968 shall	0.6931471805599453	0.16124080958374037	-0.401548016535682	0.0	5.694760820045558E-4
article 260 shall	0.6931471805599453	0.16124080958374037	-0.401548016535682	0.0	5.694760820045558E-4
article 299 shall	0.6931471805599453	0.16124080958374037	-0.401548016535682	0.0	5.694760820045558E-4
area where	1.0986122886681098	6.207991622078044	2.491584159140133	0.0035335689045936395	0.0
article 714 paragraph	0.6931471805599453	0.3226399312043818	-0.5680140237743975	0.0	0.0011389521640091116
are cases	0.6931471805599453	0.3226399312043818	-0.5680140237743975	0.0	0.0011389521640091116
arrive before	0.6931471805599453	0.16124080958374037	-0.401548016535682	0.0	5.694760820045558E-4
are extremely	0.6931471805599453	0.16124080958374037	-0.401548016535682	0.0	5.694760820045558E-4
article inclusive shall	1.0986122886681098	6.207991622078044	2.491584159140133	0.0035335689045936395	0.0
arose provided however	0.6931471805599453	0.16124080958374037	-0.401548016535682	0.0	5.694760820045558E-4
article must notify	0.6931471805599453	0.16124080958374037	-0.401548016535682	0.0	5.694760820045558E-4
are made on	1.0986122886681098	6.207991622078044	2.491584159140133	0.0035335689045936395	0.0
article 566 shall	0.6931471805599453	0.16124080958374037	-0.401548016535682	0.0	5.694760820045558E-4
article 910	0.6931471805599453	0.16124080958374037	-0.401548016535682	0.0	5.694760820045558E-4
article 794 and	0.6931471805599453	0.16124080958374037	-0.401548016535682	0.0	5.694760820045558E-4
article 817-2 provided	0.6931471805599453	0.16124080958374037	-0.401548016535682	0.0	5.694760820045558E-4
article 468 shall	0.6931471805599453	0.16124080958374037	-0.401548016535682	0.0	5.694760820045558E-4
are installed	0.6931471805599453	0.16124080958374037	-0.401548016535682	0.0	5.694760820045558E-4
article is deemed	1.0986122886681098	6.207991622078044	2.491584159140133	0.0035335689045936395	0.0
are due	0.6931471805599453	0.3226399312043818	-0.5680140237743975	0.0	0.0011389521640091116
article 624 shall	0.6931471805599453	0.16124080958374037	-0.401548016535682	0.0	5.694760820045558E-4
arbitrate referring	1.0986122886681098	6.207991622078044	2.491584159140133	0.0035335689045936395	0.0
articles 738 739	0.6931471805599453	0.16124080958374037	-0.401548016535682	0.0	5.694760820045558E-4
article 738 article	0.6931471805599453	0.16124080958374037	-0.401548016535682	0.0	5.694760820045558E-4
arose and their	1.0986122886681098	6.207991622078044	2.491584159140133	0.0035335689045936395	0.0
arise between	0.6931471805599453	0.16124080958374037	-0.401548016535682	0.0	5.694760820045558E-4
article 918	0.6931471805599453	0.3226399312043818	-0.5680140237743975	0.0	0.0011389521640091116
article 646 paragraphs	0.6931471805599453	0.16124080958374037	-0.401548016535682	0.0	5.694760820045558E-4
article 919	0.6931471805599453	0.16124080958374037	-0.401548016535682	0.0	5.694760820045558E-4
are exclusive and	0.6931471805599453	0.16124080958374037	-0.401548016535682	0.0	5.694760820045558E-4
article in this	0.6931471805599453	0.4841975981311339	-0.695843084417122	0.0	0.0017084282460136675
article 915	0.6931471805599453	0.6459140440917206	-0.8036877777419043	0.0	0.002277904328018223
are unavoidable grounds	0.6931471805599453	0.8077895032735075	-0.8987711072756553	0.0	0.0028473804100227792
are purely	0.6931471805599453	0.16124080958374037	-0.401548016535682	0.0	5.694760820045558E-4
articles 820	0.6931471805599453	0.16124080958374037	-0.401548016535682	0.0	5.694760820045558E-4
article may cancel	0.6931471805599453	0.16124080958374037	-0.401548016535682	0.0	5.694760820045558E-4
article 900	0.6931471805599453	0.16124080958374037	-0.401548016535682	0.0	5.694760820045558E-4
article at any	0.6931471805599453	0.16124080958374037	-0.401548016535682	0.0	5.694760820045558E-4
article 886 and	0.6931471805599453	0.16124080958374037	-0.401548016535682	0.0	5.694760820045558E-4
articles shall not	0.6931471805599453	0.4841975981311339	-0.695843084417122	0.0	0.0017084282460136675
article 120 ratifies	1.0986122886681098	6.207991622078044	2.491584159140133	0.0035335689045936395	0.0
article 15 ceases	1.0986122886681098	6.207991622078044	2.491584159140133	0.0035335689045936395	0.0
article 1029	0.6931471805599453	0.16124080958374037	-0.401548016535682	0.0	5.694760820045558E-4
article 635 the	0.6931471805599453	0.16124080958374037	-0.401548016535682	0.0	5.694760820045558E-4
article 907	0.6931471805599453	0.16124080958374037	-0.401548016535682	0.0	5.694760820045558E-4
art charity worship	1.0986122886681098	6.207991622078044	2.491584159140133	0.0035335689045936395	0.0
article 901	0.6931471805599453	0.16124080958374037	-0.401548016535682	0.0	5.694760820045558E-4
articles 927 to	0.6931471805599453	0.16124080958374037	-0.401548016535682	0.0	5.694760820045558E-4
articles the	0.6931471805599453	0.3226399312043818	-0.5680140237743975	0.0	0.0011389521640091116
article 729 an	0.6931471805599453	0.16124080958374037	-0.401548016535682	0.0	5.694760820045558E-4
article 903	0.6931471805599453	0.16124080958374037	-0.401548016535682	0.0	5.694760820045558E-4
article 904	0.6931471805599453	0.16124080958374037	-0.401548016535682	0.0	5.694760820045558E-4
article 2 of	1.0986122886681098	6.207991622078044	2.491584159140133	0.0035335689045936395	0.0
are equal in	0.6931471805599453	0.16124080958374037	-0.401548016535682	0.0	5.694760820045558E-4
article 904 shall	0.6931471805599453	0.16124080958374037	-0.401548016535682	0.0	5.694760820045558E-4
are in	0.6931471805599453	0.16124080958374037	-0.401548016535682	0.0	5.694760820045558E-4
article 188 of	0.6931471805599453	0.16124080958374037	-0.401548016535682	0.0	5.694760820045558E-4
are cases where	0.6931471805599453	0.16124080958374037	-0.401548016535682	0.0	5.694760820045558E-4
article 645 article	0.6931471805599453	0.3226399312043818	-0.5680140237743975	0.0	0.0011389521640091116
article 844 article	0.6931471805599453	0.4841975981311339	-0.695843084417122	0.0	0.0017084282460136675
article 857-2 shall	0.6931471805599453	0.16124080958374037	-0.401548016535682	0.0	5.694760820045558E-4
articles 644	0.6931471805599453	0.16124080958374037	-0.401548016535682	0.0	5.694760820045558E-4
article arrives	0.6931471805599453	0.16124080958374037	-0.401548016535682	0.0	5.694760820045558E-4
articles 645	0.6931471805599453	0.16124080958374037	-0.401548016535682	0.0	5.694760820045558E-4
articles 1022 to	0.6931471805599453	0.16124080958374037	-0.401548016535682	0.0	5.694760820045558E-4
article 792 provided	0.6931471805599453	0.16124080958374037	-0.401548016535682	0.0	5.694760820045558E-4
article 952 an	0.6931471805599453	0.16124080958374037	-0.401548016535682	0.0	5.694760820045558E-4
articles must prepare	1.0986122886681098	6.207991622078044	2.491584159140133	0.0035335689045936395	0.0
article 637 and	0.6931471805599453	0.16124080958374037	-0.401548016535682	0.0	5.694760820045558E-4
arrived at the	1.0986122886681098	6.207991622078044	2.491584159140133	0.0035335689045936395	0.0
article is provided	0.6931471805599453	0.16124080958374037	-0.401548016535682	0.0	5.694760820045558E-4
article 739 shall	0.6931471805599453	0.16124080958374037	-0.401548016535682	0.0	5.694760820045558E-4
are due each	0.6931471805599453	0.16124080958374037	-0.401548016535682	0.0	5.694760820045558E-4
article 591 which	0.6931471805599453	0.16124080958374037	-0.401548016535682	0.0	5.694760820045558E-4
articles 380 and	0.6931471805599453	0.16124080958374037	-0.401548016535682	0.0	5.694760820045558E-4
articles 645 to	0.6931471805599453	0.16124080958374037	-0.401548016535682	0.0	5.694760820045558E-4
arises with	0.6931471805599453	0.3226399312043818	-0.5680140237743975	0.0	0.0011389521640091116
are not defective	0.6931471805599453	0.16124080958374037	-0.401548016535682	0.0	5.694760820045558E-4
articles 861	0.6931471805599453	0.16124080958374037	-0.401548016535682	0.0	5.694760820045558E-4
article 304 shall	0.6931471805599453	0.3226399312043818	-0.5680140237743975	0.0	0.0011389521640091116
article 225 or	0.6931471805599453	0.16124080958374037	-0.401548016535682	0.0	5.694760820045558E-4
are capable of	0.6931471805599453	0.16124080958374037	-0.401548016535682	0.0	5.694760820045558E-4
article 465-3 be	0.6931471805599453	0.16124080958374037	-0.401548016535682	0.0	5.694760820045558E-4
article the period	1.0986122886681098	6.207991622078044	2.491584159140133	0.0035335689045936395	0.0
article 467 mortgagees	0.6931471805599453	0.16124080958374037	-0.401548016535682	0.0	5.694760820045558E-4
article 927 a	0.6931471805599453	0.16124080958374037	-0.401548016535682	0.0	5.694760820045558E-4
are appurtenant to	0.6931471805599453	0.16124080958374037	-0.401548016535682	0.0	5.694760820045558E-4
article 732	0.6931471805599453	0.16124080958374037	-0.401548016535682	0.0	5.694760820045558E-4
article 733	0.6931471805599453	0.4841975981311339	-0.695843084417122	0.0	0.0017084282460136675
article 976	0.6931471805599453	0.3226399312043818	-0.5680140237743975	0.0	0.0011389521640091116
article 977	0.6931471805599453	0.16124080958374037	-0.401548016535682	0.0	5.694760820045558E-4
article 63 or	0.6931471805599453	0.16124080958374037	-0.401548016535682	0.0	5.694760820045558E-4
are later	0.6931471805599453	0.16124080958374037	-0.401548016535682	0.0	5.694760820045558E-4
article 970	0.6931471805599453	0.3226399312043818	-0.5680140237743975	0.0	0.0011389521640091116
article 731	0.6931471805599453	0.16124080958374037	-0.401548016535682	0.0	5.694760820045558E-4
are multiple guardians	0.6931471805599453	1.132018400355138	-1.0639635333765616	0.0	0.003986332574031891
article 918 shall	0.6931471805599453	0.3226399312043818	-0.5680140237743975	0.0	0.0011389521640091116
article 977 and	0.6931471805599453	0.16124080958374037	-0.401548016535682	0.0	5.694760820045558E-4
article 978	0.6931471805599453	0.16124080958374037	-0.401548016535682	0.0	5.694760820045558E-4
article 794 provided	0.6931471805599453	0.16124080958374037	-0.401548016535682	0.0	5.694760820045558E-4
article 738	0.6931471805599453	0.3226399312043818	-0.5680140237743975	0.0	0.0011389521640091116
article 739	0.6931471805599453	1.132018400355138	-1.0639635333765616	0.0	0.003986332574031891
are owned	0.6931471805599453	0.16124080958374037	-0.401548016535682	0.0	5.694760820045558E-4
article 724	0.6931471805599453	0.16124080958374037	-0.401548016535682	0.0	5.694760820045558E-4
are able to	0.6931471805599453	0.3226399312043818	-0.5680140237743975	0.0	0.0011389521640091116
are harmed	0.6931471805599453	0.4841975981311339	-0.695843084417122	0.0	0.0017084282460136675
are due ii	0.6931471805599453	0.16124080958374037	-0.401548016535682	0.0	5.694760820045558E-4
article 600 shall	0.6931471805599453	0.16124080958374037	-0.401548016535682	0.0	5.694760820045558E-4
article 729	0.6931471805599453	0.16124080958374037	-0.401548016535682	0.0	5.694760820045558E-4
article partners shall	0.6931471805599453	0.16124080958374037	-0.401548016535682	0.0	5.694760820045558E-4
articles 900 to	0.6931471805599453	0.16124080958374037	-0.401548016535682	0.0	5.694760820045558E-4
article executes	0.6931471805599453	0.16124080958374037	-0.401548016535682	0.0	5.694760820045558E-4
article 968	0.6931471805599453	0.4841975981311339	-0.695843084417122	0.0	0.0017084282460136675
article 728	0.6931471805599453	0.4841975981311339	-0.695843084417122	0.0	0.0017084282460136675
are mixed together	0.6931471805599453	0.16124080958374037	-0.401548016535682	0.0	5.694760820045558E-4
article 755	0.6931471805599453	0.16124080958374037	-0.401548016535682	0.0	5.694760820045558E-4
article an	0.6931471805599453	0.16124080958374037	-0.401548016535682	0.0	5.694760820045558E-4
arise unless a	0.6931471805599453	0.16124080958374037	-0.401548016535682	0.0	5.694760820045558E-4
article and the	1.0986122886681098	2.185197765274108	1.478241443497681	0.0035335689045936395	5.694760820045558E-4
article at	0.6931471805599453	0.16124080958374037	-0.401548016535682	0.0	5.694760820045558E-4
art charity	1.0986122886681098	6.207991622078044	2.491584159140133	0.0035335689045936395	0.0
are satisfied and	0.6931471805599453	0.16124080958374037	-0.401548016535682	0.0	5.694760820045558E-4
article 850 article	0.6931471805599453	0.3226399312043818	-0.5680140237743975	0.0	0.0011389521640091116
article 1029 deliver	0.6931471805599453	0.16124080958374037	-0.401548016535682	0.0	5.694760820045558E-4
are severed	1.0986122886681098	6.207991622078044	2.491584159140133	0.0035335689045936395	0.0
are	0.7217205530040013	9.283062247463514	-3.0468118168773586	0.028268551236749116	0.0785876993166287
article 978 a	0.6931471805599453	0.16124080958374037	-0.401548016535682	0.0	5.694760820045558E-4
article an heir	0.6931471805599453	0.16124080958374037	-0.401548016535682	0.0	5.694760820045558E-4
article 932 shall	0.6931471805599453	0.16124080958374037	-0.401548016535682	0.0	5.694760820045558E-4
articles 121 to	0.6931471805599453	0.4841975981311339	-0.695843084417122	0.0	0.0017084282460136675
arts	1.0986122886681098	6.207991622078044	2.491584159140133	0.0035335689045936395	0.0
article 518	0.6931471805599453	0.16124080958374037	-0.401548016535682	0.0	5.694760820045558E-4
article 861 article	0.6931471805599453	0.3226399312043818	-0.5680140237743975	0.0	0.0011389521640091116
article 646 to	0.6931471805599453	0.3226399312043818	-0.5680140237743975	0.0	0.0011389521640091116
articles a person	0.6931471805599453	0.16124080958374037	-0.401548016535682	0.0	5.694760820045558E-4
art	1.0986122886681098	6.207991622078044	2.491584159140133	0.0035335689045936395	0.0
arbitration act act	1.0986122886681098	6.207991622078044	2.491584159140133	0.0035335689045936395	0.0
article 500	0.6931471805599453	0.16124080958374037	-0.401548016535682	0.0	5.694760820045558E-4
arises after	0.6931471805599453	0.3226399312043818	-0.5680140237743975	0.0	0.0011389521640091116
article 417 shall	0.6931471805599453	0.16124080958374037	-0.401548016535682	0.0	5.694760820045558E-4
argent is unable	1.0986122886681098	6.207991622078044	2.491584159140133	0.0035335689045936395	0.0
articles if there	0.6931471805599453	0.16124080958374037	-0.401548016535682	0.0	5.694760820045558E-4
arisen with	0.6931471805599453	0.16124080958374037	-0.401548016535682	0.0	5.694760820045558E-4
article 747	0.6931471805599453	0.3226399312043818	-0.5680140237743975	0.0	0.0011389521640091116
article 748	0.6931471805599453	0.16124080958374037	-0.401548016535682	0.0	5.694760820045558E-4
article must be	0.6931471805599453	0.3226399312043818	-0.5680140237743975	0.0	0.0011389521640091116
are defective	0.6931471805599453	0.16124080958374037	-0.401548016535682	0.0	5.694760820045558E-4
articles 930	0.6931471805599453	0.16124080958374037	-0.401548016535682	0.0	5.694760820045558E-4
article 932	0.6931471805599453	0.16124080958374037	-0.401548016535682	0.0	5.694760820045558E-4
article 180 of	0.6931471805599453	0.16124080958374037	-0.401548016535682	0.0	5.694760820045558E-4
are as	0.6931471805599453	0.16124080958374037	-0.401548016535682	0.0	5.694760820045558E-4
are married shall	0.6931471805599453	0.16124080958374037	-0.401548016535682	0.0	5.694760820045558E-4
arising as a	0.6931471805599453	0.3226399312043818	-0.5680140237743975	0.0	0.0011389521640091116
article 672 shall	0.6931471805599453	0.16124080958374037	-0.401548016535682	0.0	5.694760820045558E-4
arise from curatorship	0.6931471805599453	0.16124080958374037	-0.401548016535682	0.0	5.694760820045558E-4
are not the	0.6931471805599453	0.16124080958374037	-0.401548016535682	0.0	5.694760820045558E-4
article 755 this	0.6931471805599453	0.16124080958374037	-0.401548016535682	0.0	5.694760820045558E-4
are first	0.6931471805599453	0.3226399312043818	-0.5680140237743975	0.0	0.0011389521640091116
article referred to	0.6931471805599453	0.16124080958374037	-0.401548016535682	0.0	5.694760820045558E-4
article 271 through	0.6931471805599453	0.16124080958374037	-0.401548016535682	0.0	5.694760820045558E-4
article and cause	0.6931471805599453	0.16124080958374037	-0.401548016535682	0.0	5.694760820045558E-4
article 594 paragraph	0.6931471805599453	0.16124080958374037	-0.401548016535682	0.0	5.694760820045558E-4
are the subject	0.6931471805599453	1.132018400355138	-1.0639635333765616	0.0	0.003986332574031891
article 921	0.6931471805599453	0.16124080958374037	-0.401548016535682	0.0	5.694760820045558E-4
article 105 to	0.6931471805599453	0.16124080958374037	-0.401548016535682	0.0	5.694760820045558E-4
arising from failure	0.6931471805599453	0.16124080958374037	-0.401548016535682	0.0	5.694760820045558E-4
articles 927	0.6931471805599453	0.16124080958374037	-0.401548016535682	0.0	5.694760820045558E-4
arrival to the	0.6931471805599453	0.3226399312043818	-0.5680140237743975	0.0	0.0011389521640091116
arbitration	1.0986122886681098	6.207991622078044	2.491584159140133	0.0035335689045936395	0.0
articles 928	0.6931471805599453	0.16124080958374037	-0.401548016535682	0.0	5.694760820045558E-4
article the obligee	0.6931471805599453	0.16124080958374037	-0.401548016535682	0.0	5.694760820045558E-4
articles 929	0.6931471805599453	0.16124080958374037	-0.401548016535682	0.0	5.694760820045558E-4
are grounds which	0.6931471805599453	0.16124080958374037	-0.401548016535682	0.0	5.694760820045558E-4
are agreed on	0.6931471805599453	0.16124080958374037	-0.401548016535682	0.0	5.694760820045558E-4
article 927	0.6931471805599453	0.9698242103246322	-0.9847965324495369	0.0	0.003416856492027335
are evident	0.6931471805599453	0.16124080958374037	-0.401548016535682	0.0	5.694760820045558E-4
article 891 shall	0.6931471805599453	0.16124080958374037	-0.401548016535682	0.0	5.694760820045558E-4
arrival of	1.3217558399823195	22.907306781552098	4.786157830823394	0.024734982332155476	0.002277904328018223
article 798 provided	0.6931471805599453	0.16124080958374037	-0.401548016535682	0.0	5.694760820045558E-4
arise between an	0.6931471805599453	0.16124080958374037	-0.401548016535682	0.0	5.694760820045558E-4
article 202 the	0.6931471805599453	0.16124080958374037	-0.401548016535682	0.0	5.694760820045558E-4
article 925	0.6931471805599453	0.16124080958374037	-0.401548016535682	0.0	5.694760820045558E-4
article 926	0.6931471805599453	0.16124080958374037	-0.401548016535682	0.0	5.694760820045558E-4
are real	0.6931471805599453	0.16124080958374037	-0.401548016535682	0.0	5.694760820045558E-4
article 952	0.6931471805599453	0.16124080958374037	-0.401548016535682	0.0	5.694760820045558E-4
are several	0.6931471805599453	0.16124080958374037	-0.401548016535682	0.0	5.694760820045558E-4
article 951	0.6931471805599453	0.16124080958374037	-0.401548016535682	0.0	5.694760820045558E-4
articles may exercise	0.6931471805599453	0.16124080958374037	-0.401548016535682	0.0	5.694760820045558E-4
are deemed to	0.6931471805599453	0.16124080958374037	-0.401548016535682	0.0	5.694760820045558E-4
article 655 paragraph	0.6931471805599453	0.3226399312043818	-0.5680140237743975	0.0	0.0011389521640091116
are reasonable	0.6931471805599453	0.16124080958374037	-0.401548016535682	0.0	5.694760820045558E-4
article 2	1.0986122886681098	6.207991622078044	2.491584159140133	0.0035335689045936395	0.0
article 5	0.6931471805599453	0.16124080958374037	-0.401548016535682	0.0	5.694760820045558E-4
article 859-3 paragraph	0.6931471805599453	0.6459140440917206	-0.8036877777419043	0.0	0.002277904328018223
article 7	1.6094379124341003	18.64226953702611	4.317669456665958	0.01060070671378092	0.0
article 6	0.6931471805599453	0.16124080958374037	-0.401548016535682	0.0	5.694760820045558E-4
article 9	1.3862943611198906	7.003954890817268	2.6464986096382646	0.007067137809187279	5.694760820045558E-4
arrive	0.6931471805599453	0.3226399312043818	-0.5680140237743975	0.0	0.0011389521640091116
articles 731 to	0.6931471805599453	0.3226399312043818	-0.5680140237743975	0.0	0.0011389521640091116
are the object	0.6931471805599453	0.4841975981311339	-0.695843084417122	0.0	0.0017084282460136675
article 714	0.6931471805599453	0.3226399312043818	-0.5680140237743975	0.0	0.0011389521640091116
article 956	0.6931471805599453	0.16124080958374037	-0.401548016535682	0.0	5.694760820045558E-4
article 715	0.6931471805599453	0.3226399312043818	-0.5680140237743975	0.0	0.0011389521640091116
article 958	0.6931471805599453	0.16124080958374037	-0.401548016535682	0.0	5.694760820045558E-4
article 717	0.6931471805599453	0.16124080958374037	-0.401548016535682	0.0	5.694760820045558E-4
article any performance	0.6931471805599453	0.16124080958374037	-0.401548016535682	0.0	5.694760820045558E-4
article 941	0.6931471805599453	0.3226399312043818	-0.5680140237743975	0.0	0.0011389521640091116
article may construct	0.6931471805599453	0.16124080958374037	-0.401548016535682	0.0	5.694760820045558E-4
article is to	0.6931471805599453	0.16124080958374037	-0.401548016535682	0.0	5.694760820045558E-4
articles 900	0.6931471805599453	0.16124080958374037	-0.401548016535682	0.0	5.694760820045558E-4
article i	0.6931471805599453	0.16124080958374037	-0.401548016535682	0.0	5.694760820045558E-4
article shall be	0.8109302162163288	0.15709215778777375	0.3963485306996529	0.0035335689045936395	0.002277904328018223
article 650 shall	0.6931471805599453	0.4841975981311339	-0.695843084417122	0.0	0.0017084282460136675
articles a	0.6931471805599453	0.3226399312043818	-0.5680140237743975	0.0	0.0011389521640091116
arbitrate as provided	1.0986122886681098	6.207991622078044	2.491584159140133	0.0035335689045936395	0.0
article a	0.6931471805599453	0.16124080958374037	-0.401548016535682	0.0	5.694760820045558E-4
are already	0.6931471805599453	0.16124080958374037	-0.401548016535682	0.0	5.694760820045558E-4
are due or	0.6931471805599453	0.16124080958374037	-0.401548016535682	0.0	5.694760820045558E-4
article 798 is	0.6931471805599453	0.16124080958374037	-0.401548016535682	0.0	5.694760820045558E-4
are multiple	0.6931471805599453	1.132018400355138	-1.0639635333765616	0.0	0.003986332574031891
article rights to	0.6931471805599453	0.16124080958374037	-0.401548016535682	0.0	5.694760820045558E-4
article 703	0.6931471805599453	0.16124080958374037	-0.401548016535682	0.0	5.694760820045558E-4
article 704	0.6931471805599453	0.16124080958374037	-0.401548016535682	0.0	5.694760820045558E-4
article 951 shall	0.6931471805599453	0.16124080958374037	-0.401548016535682	0.0	5.694760820045558E-4
article 948	0.6931471805599453	0.16124080958374037	-0.401548016535682	0.0	5.694760820045558E-4
article 811 may	0.6931471805599453	0.16124080958374037	-0.401548016535682	0.0	5.694760820045558E-4
are not related	0.6931471805599453	0.16124080958374037	-0.401548016535682	0.0	5.694760820045558E-4
article even	0.6931471805599453	0.16124080958374037	-0.401548016535682	0.0	5.694760820045558E-4
are to be	0.7419373447293773	0.21215545629197327	-0.46060336113838035	0.0035335689045936395	0.0056947608200455585
article 872 the	0.6931471805599453	0.16124080958374037	-0.401548016535682	0.0	5.694760820045558E-4
article 330	0.6931471805599453	0.16124080958374037	-0.401548016535682	0.0	5.694760820045558E-4
articles must	1.0986122886681098	2.185197765274108	1.478241443497681	0.0035335689045936395	5.694760820045558E-4
article 915 iii	0.6931471805599453	0.16124080958374037	-0.401548016535682	0.0	5.694760820045558E-4
articles those	0.6931471805599453	0.3226399312043818	-0.5680140237743975	0.0	0.0011389521640091116
article 863 and	0.6931471805599453	0.16124080958374037	-0.401548016535682	0.0	5.694760820045558E-4
area of the	1.3862943611198906	12.42207847402558	3.5244969107697597	0.007067137809187279	0.0
articles 296	0.6931471805599453	0.16124080958374037	-0.401548016535682	0.0	5.694760820045558E-4
article 325	0.6931471805599453	0.16124080958374037	-0.401548016535682	0.0	5.694760820045558E-4
article 377 shall	0.6931471805599453	0.16124080958374037	-0.401548016535682	0.0	5.694760820045558E-4
article referred	0.6931471805599453	0.16124080958374037	-0.401548016535682	0.0	5.694760820045558E-4
article 728 articles	0.6931471805599453	0.16124080958374037	-0.401548016535682	0.0	5.694760820045558E-4
article 563	0.6931471805599453	0.16124080958374037	-0.401548016535682	0.0	5.694760820045558E-4
article 566	0.6931471805599453	0.3226399312043818	-0.5680140237743975	0.0	0.0011389521640091116
article 560	0.6931471805599453	0.16124080958374037	-0.401548016535682	0.0	5.694760820045558E-4
article 561	0.6931471805599453	0.16124080958374037	-0.401548016535682	0.0	5.694760820045558E-4
article paragraph	0.6931471805599453	0.16124080958374037	-0.401548016535682	0.0	5.694760820045558E-4
article 545 shall	0.6931471805599453	0.16124080958374037	-0.401548016535682	0.0	5.694760820045558E-4
are owned by	0.6931471805599453	0.16124080958374037	-0.401548016535682	0.0	5.694760820045558E-4
article 210 must	0.6931471805599453	0.16124080958374037	-0.401548016535682	0.0	5.694760820045558E-4
article 859-2 and	0.6931471805599453	0.16124080958374037	-0.401548016535682	0.0	5.694760820045558E-4
article 790 and	0.6931471805599453	0.16124080958374037	-0.401548016535682	0.0	5.694760820045558E-4
arrival if	0.6931471805599453	0.16124080958374037	-0.401548016535682	0.0	5.694760820045558E-4
article 597	0.6931471805599453	0.16124080958374037	-0.401548016535682	0.0	5.694760820045558E-4
article 598	0.6931471805599453	0.16124080958374037	-0.401548016535682	0.0	5.694760820045558E-4
article 351	0.6931471805599453	0.16124080958374037	-0.401548016535682	0.0	5.694760820045558E-4
article 594	0.6931471805599453	0.16124080958374037	-0.401548016535682	0.0	5.694760820045558E-4
article 859-3 shall	0.6931471805599453	0.16124080958374037	-0.401548016535682	0.0	5.694760820045558E-4
article 13 and	0.6931471805599453	0.16124080958374037	-0.401548016535682	0.0	5.694760820045558E-4
article 591	0.6931471805599453	0.16124080958374037	-0.401548016535682	0.0	5.694760820045558E-4
article have	0.6931471805599453	0.16124080958374037	-0.401548016535682	0.0	5.694760820045558E-4
article 376 provided	0.6931471805599453	0.16124080958374037	-0.401548016535682	0.0	5.694760820045558E-4
are interested	0.6931471805599453	0.16124080958374037	-0.401548016535682	0.0	5.694760820045558E-4
arise if the	0.6931471805599453	0.16124080958374037	-0.401548016535682	0.0	5.694760820045558E-4
article may demand	0.6931471805599453	0.16124080958374037	-0.401548016535682	0.0	5.694760820045558E-4
articles 274	0.6931471805599453	0.16124080958374037	-0.401548016535682	0.0	5.694760820045558E-4
are unavoidable reasons	0.6931471805599453	0.16124080958374037	-0.401548016535682	0.0	5.694760820045558E-4
article 105	0.6931471805599453	0.3226399312043818	-0.5680140237743975	0.0	0.0011389521640091116
article 107	0.6931471805599453	0.16124080958374037	-0.401548016535682	0.0	5.694760820045558E-4
are exclusive	0.6931471805599453	0.16124080958374037	-0.401548016535682	0.0	5.694760820045558E-4
article 873 shall	0.6931471805599453	0.3226399312043818	-0.5680140237743975	0.0	0.0011389521640091116
article 103	1.0986122886681098	6.207991622078044	2.491584159140133	0.0035335689045936395	0.0
article 670 shall	0.6931471805599453	0.16124080958374037	-0.401548016535682	0.0	5.694760820045558E-4
article 887 the	0.6931471805599453	0.16124080958374037	-0.401548016535682	0.0	5.694760820045558E-4
article 583	0.6931471805599453	0.3226399312043818	-0.5680140237743975	0.0	0.0011389521640091116
article 580	0.6931471805599453	0.16124080958374037	-0.401548016535682	0.0	5.694760820045558E-4
area where the	1.0986122886681098	6.207991622078044	2.491584159140133	0.0035335689045936395	0.0
article 834-2 or	0.6931471805599453	0.16124080958374037	-0.401548016535682	0.0	5.694760820045558E-4
article 7 ceases	1.0986122886681098	6.207991622078044	2.491584159140133	0.0035335689045936395	0.0
are appurtenant	0.6931471805599453	0.16124080958374037	-0.401548016535682	0.0	5.694760820045558E-4
are pressing circumstances	0.6931471805599453	0.16124080958374037	-0.401548016535682	0.0	5.694760820045558E-4
article 747 and	0.6931471805599453	0.16124080958374037	-0.401548016535682	0.0	5.694760820045558E-4
article 11 ceases	1.0986122886681098	6.207991622078044	2.491584159140133	0.0035335689045936395	0.0
article 777	0.6931471805599453	0.16124080958374037	-0.401548016535682	0.0	5.694760820045558E-4
article 826 shall	0.6931471805599453	0.16124080958374037	-0.401548016535682	0.0	5.694760820045558E-4
article shall receive	0.6931471805599453	0.16124080958374037	-0.401548016535682	0.0	5.694760820045558E-4
article 537	0.6931471805599453	0.16124080958374037	-0.401548016535682	0.0	5.694760820045558E-4
article 772	0.6931471805599453	0.16124080958374037	-0.401548016535682	0.0	5.694760820045558E-4
are later deemed	0.6931471805599453	0.16124080958374037	-0.401548016535682	0.0	5.694760820045558E-4
article 732 or	0.6931471805599453	0.16124080958374037	-0.401548016535682	0.0	5.694760820045558E-4
article 774	0.6931471805599453	0.16124080958374037	-0.401548016535682	0.0	5.694760820045558E-4
article 533	0.6931471805599453	0.6459140440917206	-0.8036877777419043	0.0	0.002277904328018223
are any other	0.6931471805599453	0.16124080958374037	-0.401548016535682	0.0	5.694760820045558E-4
article 862 and	0.6931471805599453	0.16124080958374037	-0.401548016535682	0.0	5.694760820045558E-4
article 770	0.6931471805599453	0.16124080958374037	-0.401548016535682	0.0	5.694760820045558E-4
articles those customs	0.6931471805599453	0.3226399312043818	-0.5680140237743975	0.0	0.0011389521640091116
article 489 shall	0.6931471805599453	0.16124080958374037	-0.401548016535682	0.0	5.694760820045558E-4
article may	0.6931471805599453	0.9698242103246322	-0.9847965324495369	0.0	0.003416856492027335
article is nullified	0.6931471805599453	0.16124080958374037	-0.401548016535682	0.0	5.694760820045558E-4
arising from specific	0.6931471805599453	0.16124080958374037	-0.401548016535682	0.0	5.694760820045558E-4
article 766	0.6931471805599453	0.3226399312043818	-0.5680140237743975	0.0	0.0011389521640091116
article is effected	0.6931471805599453	0.16124080958374037	-0.401548016535682	0.0	5.694760820045558E-4
article 452 or	0.6931471805599453	0.16124080958374037	-0.401548016535682	0.0	5.694760820045558E-4
article 655 shall	0.6931471805599453	0.4841975981311339	-0.695843084417122	0.0	0.0017084282460136675
article 847 article	0.6931471805599453	0.3226399312043818	-0.5680140237743975	0.0	0.0011389521640091116
are not jointly	0.6931471805599453	0.16124080958374037	-0.401548016535682	0.0	5.694760820045558E-4
are not acts	1.0986122886681098	6.207991622078044	2.491584159140133	0.0035335689045936395	0.0
article 769	0.6931471805599453	0.4841975981311339	-0.695843084417122	0.0	0.0017084282460136675
article 655 article	0.6931471805599453	0.4841975981311339	-0.695843084417122	0.0	0.0017084282460136675
are obtained	1.0986122886681098	6.207991622078044	2.491584159140133	0.0035335689045936395	0.0
article 811-2 or	0.6931471805599453	0.16124080958374037	-0.401548016535682	0.0	5.694760820045558E-4
article 798	0.6931471805599453	0.3226399312043818	-0.5680140237743975	0.0	0.0011389521640091116
article 799	0.6931471805599453	0.3226399312043818	-0.5680140237743975	0.0	0.0011389521640091116
article 304 cited	0.6931471805599453	0.16124080958374037	-0.401548016535682	0.0	5.694760820045558E-4
article 794	0.6931471805599453	0.3226399312043818	-0.5680140237743975	0.0	0.0011389521640091116
article 312	0.6931471805599453	0.16124080958374037	-0.401548016535682	0.0	5.694760820045558E-4
article 766 shall	0.6931471805599453	0.16124080958374037	-0.401548016535682	0.0	5.694760820045558E-4
article 796	0.6931471805599453	0.3226399312043818	-0.5680140237743975	0.0	0.0011389521640091116
are registered pursuant	0.6931471805599453	0.16124080958374037	-0.401548016535682	0.0	5.694760820045558E-4
article 797	0.6931471805599453	0.3226399312043818	-0.5680140237743975	0.0	0.0011389521640091116
article 790	0.6931471805599453	0.16124080958374037	-0.401548016535682	0.0	5.694760820045558E-4
article 792	0.6931471805599453	0.16124080958374037	-0.401548016535682	0.0	5.694760820045558E-4
article 793	0.6931471805599453	0.16124080958374037	-0.401548016535682	0.0	5.694760820045558E-4
article 551	0.6931471805599453	0.16124080958374037	-0.401548016535682	0.0	5.694760820045558E-4
article 15 an	0.6931471805599453	0.16124080958374037	-0.401548016535682	0.0	5.694760820045558E-4
article may note	0.6931471805599453	0.16124080958374037	-0.401548016535682	0.0	5.694760820045558E-4
article 824 shall	0.6931471805599453	0.4841975981311339	-0.695843084417122	0.0	0.0017084282460136675
article 545	0.6931471805599453	0.16124080958374037	-0.401548016535682	0.0	5.694760820045558E-4
article 304	0.6931471805599453	0.8077895032735075	-0.8987711072756553	0.0	0.0028473804100227792
article 306	0.6931471805599453	0.16124080958374037	-0.401548016535682	0.0	5.694760820045558E-4
articles 976 to	0.6931471805599453	0.16124080958374037	-0.401548016535682	0.0	5.694760820045558E-4
article 269 shall	0.6931471805599453	0.16124080958374037	-0.401548016535682	0.0	5.694760820045558E-4
articles 804 to	0.6931471805599453	0.16124080958374037	-0.401548016535682	0.0	5.694760820045558E-4
article 304 and	0.6931471805599453	0.16124080958374037	-0.401548016535682	0.0	5.694760820045558E-4
article 598 shall	0.6931471805599453	0.16124080958374037	-0.401548016535682	0.0	5.694760820045558E-4
article must	0.6931471805599453	0.6459140440917206	-0.8036877777419043	0.0	0.002277904328018223
are unknown	0.6931471805599453	0.3226399312043818	-0.5680140237743975	0.0	0.0011389521640091116
article 861 and	0.6931471805599453	0.4841975981311339	-0.695843084417122	0.0	0.0017084282460136675
article 107 shall	0.6931471805599453	0.16124080958374037	-0.401548016535682	0.0	5.694760820045558E-4
arise from	0.7472144018302211	0.12652524841102739	-0.3557038774191636	0.0035335689045936395	0.005125284738041002
article 17 shall	0.6931471805599453	0.16124080958374037	-0.401548016535682	0.0	5.694760820045558E-4
article 925 articles	0.6931471805599453	0.16124080958374037	-0.401548016535682	0.0	5.694760820045558E-4
article to the	0.6931471805599453	0.3226399312043818	-0.5680140237743975	0.0	0.0011389521640091116
arbitrate	1.0986122886681098	6.207991622078044	2.491584159140133	0.0035335689045936395	0.0
article 11 or	1.0986122886681098	2.185197765274108	1.478241443497681	0.0035335689045936395	5.694760820045558E-4
arises as	0.6931471805599453	0.16124080958374037	-0.401548016535682	0.0	5.694760820045558E-4
article 887 article	0.6931471805599453	0.16124080958374037	-0.401548016535682	0.0	5.694760820045558E-4
article 897 the	0.6931471805599453	0.16124080958374037	-0.401548016535682	0.0	5.694760820045558E-4
article 180	0.6931471805599453	0.16124080958374037	-0.401548016535682	0.0	5.694760820045558E-4
are purely personal	0.6931471805599453	0.16124080958374037	-0.401548016535682	0.0	5.694760820045558E-4
article 724 shall	0.6931471805599453	0.16124080958374037	-0.401548016535682	0.0	5.694760820045558E-4
articles 861 to	0.6931471805599453	0.16124080958374037	-0.401548016535682	0.0	5.694760820045558E-4
article 926 to	0.6931471805599453	0.16124080958374037	-0.401548016535682	0.0	5.694760820045558E-4
are a	0.6931471805599453	0.4841975981311339	-0.695843084417122	0.0	0.0017084282460136675
are two or	0.6931471805599453	1.4568861721108206	-1.2070153984563827	0.0	0.005125284738041002
article 167	0.6931471805599453	0.3226399312043818	-0.5680140237743975	0.0	0.0011389521640091116
article 163	1.0986122886681098	6.207991622078044	2.491584159140133	0.0035335689045936395	0.0
article executes a	0.6931471805599453	0.16124080958374037	-0.401548016535682	0.0	5.694760820045558E-4
article 105 and	0.6931471805599453	0.16124080958374037	-0.401548016535682	0.0	5.694760820045558E-4
article the allocation	0.6931471805599453	0.16124080958374037	-0.401548016535682	0.0	5.694760820045558E-4
article 162	1.0986122886681098	6.207991622078044	2.491584159140133	0.0035335689045936395	0.0
article to	0.6931471805599453	0.3226399312043818	-0.5680140237743975	0.0	0.0011389521640091116
arises as a	0.6931471805599453	0.16124080958374037	-0.401548016535682	0.0	5.694760820045558E-4
article 97 shall	0.6931471805599453	0.16124080958374037	-0.401548016535682	0.0	5.694760820045558E-4
article 68-3	0.6931471805599453	0.16124080958374037	-0.401548016535682	0.0	5.694760820045558E-4
article if it	0.6931471805599453	0.16124080958374037	-0.401548016535682	0.0	5.694760820045558E-4
arising the owner	0.6931471805599453	0.16124080958374037	-0.401548016535682	0.0	5.694760820045558E-4
arises from guardianship	0.6931471805599453	0.16124080958374037	-0.401548016535682	0.0	5.694760820045558E-4
article 17	1.6094379124341003	12.525993992885398	3.5392081025118314	0.01060070671378092	5.694760820045558E-4
article 196	0.6931471805599453	0.4841975981311339	-0.695843084417122	0.0	0.0017084282460136675
article shall not	0.6931471805599453	0.8077895032735075	-0.8987711072756553	0.0	0.0028473804100227792
article 847 paragraph	0.6931471805599453	0.16124080958374037	-0.401548016535682	0.0	5.694760820045558E-4
article rights	0.6931471805599453	0.16124080958374037	-0.401548016535682	0.0	5.694760820045558E-4
article article 811	0.6931471805599453	0.16124080958374037	-0.401548016535682	0.0	5.694760820045558E-4
article 13	0.9162907318741551	0.9512642445189431	0.9753277626105714	0.0035335689045936395	0.0011389521640091116
are not required	0.6931471805599453	0.16124080958374037	-0.401548016535682	0.0	5.694760820045558E-4
article 15	1.3862943611198906	7.003954890817268	2.6464986096382646	0.007067137809187279	5.694760820045558E-4
are satisfied	0.6931471805599453	0.3226399312043818	-0.5680140237743975	0.0	0.0011389521640091116
article or as	0.6931471805599453	0.16124080958374037	-0.401548016535682	0.0	5.694760820045558E-4
arrival of the	1.0986122886681098	4.374690759570868	2.0915761424272525	0.007067137809187279	0.0011389521640091116
article 11	1.6094379124341003	12.525993992885398	3.5392081025118314	0.01060070671378092	5.694760820045558E-4
articles shall apply	0.6931471805599453	0.8077895032735075	-0.8987711072756553	0.0	0.0028473804100227792
articles 792	0.6931471805599453	0.16124080958374037	-0.401548016535682	0.0	5.694760820045558E-4
are incurred by	0.6931471805599453	0.16124080958374037	-0.401548016535682	0.0	5.694760820045558E-4
arises from a	0.6931471805599453	0.3226399312043818	-0.5680140237743975	0.0	0.0011389521640091116
article 465-2 is	0.6931471805599453	0.16124080958374037	-0.401548016535682	0.0	5.694760820045558E-4
are not	0.7537718023763802	0.11642731336758225	-0.3412144682858308	0.007067137809187279	0.009111617312072893
arose the	0.6931471805599453	0.3226399312043818	-0.5680140237743975	0.0	0.0011389521640091116
are satisfied provided	0.6931471805599453	0.16124080958374037	-0.401548016535682	0.0	5.694760820045558E-4
article may be	0.6931471805599453	0.3226399312043818	-0.5680140237743975	0.0	0.0011389521640091116
articles if the	0.6931471805599453	0.16124080958374037	-0.401548016535682	0.0	5.694760820045558E-4
article 188	0.6931471805599453	0.16124080958374037	-0.401548016535682	0.0	5.694760820045558E-4
arises by	0.6931471805599453	0.16124080958374037	-0.401548016535682	0.0	5.694760820045558E-4
article 183	0.6931471805599453	0.16124080958374037	-0.401548016535682	0.0	5.694760820045558E-4
article shall	0.7537718023763802	0.1754221672335117	-0.4188342956749264	0.01060070671378092	0.01366742596810934
articles 644 to	0.6931471805599453	0.16124080958374037	-0.401548016535682	0.0	5.694760820045558E-4
articles may	0.6931471805599453	0.3226399312043818	-0.5680140237743975	0.0	0.0011389521640091116
articles 296 through	0.6931471805599453	0.16124080958374037	-0.401548016535682	0.0	5.694760820045558E-4
arising as	0.6931471805599453	0.3226399312043818	-0.5680140237743975	0.0	0.0011389521640091116
arrives at	1.0986122886681098	6.207991622078044	2.491584159140133	0.0035335689045936395	0.0
article have ceased	0.6931471805599453	0.16124080958374037	-0.401548016535682	0.0	5.694760820045558E-4
are first paid	0.6931471805599453	0.3226399312043818	-0.5680140237743975	0.0	0.0011389521640091116
article 870 article	0.6931471805599453	0.3226399312043818	-0.5680140237743975	0.0	0.0011389521640091116
article 20	0.6931471805599453	0.4841975981311339	-0.695843084417122	0.0	0.0017084282460136675
article 376	0.6931471805599453	0.16124080958374037	-0.401548016535682	0.0	5.694760820045558E-4
arrives after the	0.6931471805599453	0.3226399312043818	-0.5680140237743975	0.0	0.0011389521640091116
arise unless it	0.6931471805599453	0.16124080958374037	-0.401548016535682	0.0	5.694760820045558E-4
article 377	0.6931471805599453	0.16124080958374037	-0.401548016535682	0.0	5.694760820045558E-4
article 20 shall	0.6931471805599453	0.3226399312043818	-0.5680140237743975	0.0	0.0011389521640091116
article 372	0.6931471805599453	0.16124080958374037	-0.401548016535682	0.0	5.694760820045558E-4
are more	0.6931471805599453	0.4841975981311339	-0.695843084417122	0.0	0.0017084282460136675
article 834 paragraph	0.6931471805599453	0.16124080958374037	-0.401548016535682	0.0	5.694760820045558E-4
article 739 and	0.6931471805599453	0.16124080958374037	-0.401548016535682	0.0	5.694760820045558E-4
are distributed prior	0.6931471805599453	0.3226399312043818	-0.5680140237743975	0.0	0.0011389521640091116
are the same	0.6931471805599453	0.3226399312043818	-0.5680140237743975	0.0	0.0011389521640091116
articles 274 through	0.6931471805599453	0.16124080958374037	-0.401548016535682	0.0	5.694760820045558E-4
article or	0.6931471805599453	0.3226399312043818	-0.5680140237743975	0.0	0.0011389521640091116
arrangement which is	0.6931471805599453	0.16124080958374037	-0.401548016535682	0.0	5.694760820045558E-4
article 128	1.0986122886681098	6.207991622078044	2.491584159140133	0.0035335689045936395	0.0
article 129	1.0986122886681098	6.207991622078044	2.491584159140133	0.0035335689045936395	0.0
are different	0.6931471805599453	0.16124080958374037	-0.401548016535682	0.0	5.694760820045558E-4
articles 928 to	0.6931471805599453	0.16124080958374037	-0.401548016535682	0.0	5.694760820045558E-4
article 862 article	0.6931471805599453	0.16124080958374037	-0.401548016535682	0.0	5.694760820045558E-4
are required for	0.6931471805599453	0.16124080958374037	-0.401548016535682	0.0	5.694760820045558E-4
article 863 shall	0.6931471805599453	0.16124080958374037	-0.401548016535682	0.0	5.694760820045558E-4
article 120	1.0986122886681098	6.207991622078044	2.491584159140133	0.0035335689045936395	0.0
articles must be	0.6931471805599453	0.16124080958374037	-0.401548016535682	0.0	5.694760820045558E-4
article arrives after	0.6931471805599453	0.16124080958374037	-0.401548016535682	0.0	5.694760820045558E-4
are not aware	1.0986122886681098	6.207991622078044	2.491584159140133	0.0035335689045936395	0.0
article 919 shall	0.6931471805599453	0.16124080958374037	-0.401548016535682	0.0	5.694760820045558E-4
arose	0.7537718023763802	0.057955566580266925	-0.2407396240344886	0.0035335689045936395	0.004555808656036446
articles 121	0.6931471805599453	0.4841975981311339	-0.695843084417122	0.0	0.0017084282460136675
article 834-2	0.6931471805599453	0.16124080958374037	-0.401548016535682	0.0	5.694760820045558E-4
articles 113	1.0986122886681098	6.207991622078044	2.491584159140133	0.0035335689045936395	0.0
arises from the	0.6931471805599453	0.16124080958374037	-0.401548016535682	0.0	5.694760820045558E-4
article must also	0.6931471805599453	0.16124080958374037	-0.401548016535682	0.0	5.694760820045558E-4
article 13 or	0.6931471805599453	0.16124080958374037	-0.401548016535682	0.0	5.694760820045558E-4
arising the	0.6931471805599453	0.16124080958374037	-0.401548016535682	0.0	5.694760820045558E-4
are equivalent	1.0986122886681098	6.207991622078044	2.491584159140133	0.0035335689045936395	0.0
article 392	1.0986122886681098	6.207991622078044	2.491584159140133	0.0035335689045936395	0.0
article 644 article	0.6931471805599453	0.8077895032735075	-0.8987711072756553	0.0	0.0028473804100227792
arising from this	0.6931471805599453	0.16124080958374037	-0.401548016535682	0.0	5.694760820045558E-4
article 424 shall	0.6931471805599453	0.16124080958374037	-0.401548016535682	0.0	5.694760820045558E-4
article other	0.6931471805599453	0.16124080958374037	-0.401548016535682	0.0	5.694760820045558E-4
article 398-16 has	0.6931471805599453	0.16124080958374037	-0.401548016535682	0.0	5.694760820045558E-4
article 689 occurs	0.6931471805599453	0.16124080958374037	-0.401548016535682	0.0	5.694760820045558E-4
are other customs	0.6931471805599453	0.16124080958374037	-0.401548016535682	0.0	5.694760820045558E-4
article 383	0.6931471805599453	0.3226399312043818	-0.5680140237743975	0.0	0.0011389521640091116
are customs	0.6931471805599453	0.8077895032735075	-0.8987711072756553	0.0	0.0028473804100227792
article 703 and	0.6931471805599453	0.16124080958374037	-0.401548016535682	0.0	5.694760820045558E-4
are registered the	0.6931471805599453	0.16124080958374037	-0.401548016535682	0.0	5.694760820045558E-4
articles	0.723918839226699	3.7637188680933233	-1.9400306358646306	0.014134275618374558	0.03644646924829157
are effected under	0.6931471805599453	0.16124080958374037	-0.401548016535682	0.0	5.694760820045558E-4
articles 731	0.6931471805599453	0.3226399312043818	-0.5680140237743975	0.0	0.0011389521640091116
are equal	0.6931471805599453	0.16124080958374037	-0.401548016535682	0.0	5.694760820045558E-4
articles 973	0.6931471805599453	0.16124080958374037	-0.401548016535682	0.0	5.694760820045558E-4
article 5 article	0.6931471805599453	0.16124080958374037	-0.401548016535682	0.0	5.694760820045558E-4
articles 977	0.6931471805599453	0.16124080958374037	-0.401548016535682	0.0	5.694760820045558E-4
articles 976	0.6931471805599453	0.16124080958374037	-0.401548016535682	0.0	5.694760820045558E-4
articles 973 to	0.6931471805599453	0.16124080958374037	-0.401548016535682	0.0	5.694760820045558E-4
articles 738	0.6931471805599453	0.16124080958374037	-0.401548016535682	0.0	5.694760820045558E-4
article 351 shall	0.6931471805599453	0.16124080958374037	-0.401548016535682	0.0	5.694760820045558E-4
articles 192 through	0.6931471805599453	0.16124080958374037	-0.401548016535682	0.0	5.694760820045558E-4
article the court	0.6931471805599453	0.16124080958374037	-0.401548016535682	0.0	5.694760820045558E-4
argent	1.0986122886681098	6.207991622078044	2.491584159140133	0.0035335689045936395	0.0
articles may be	0.6931471805599453	0.16124080958374037	-0.401548016535682	0.0	5.694760820045558E-4
article 948 shall	0.6931471805599453	0.16124080958374037	-0.401548016535682	0.0	5.694760820045558E-4
article 467 shall	0.6931471805599453	0.16124080958374037	-0.401548016535682	0.0	5.694760820045558E-4
article 871 and	0.6931471805599453	0.3226399312043818	-0.5680140237743975	0.0	0.0011389521640091116
article 738 and	0.6931471805599453	0.16124080958374037	-0.401548016535682	0.0	5.694760820045558E-4
articles if	0.6931471805599453	0.4841975981311339	-0.695843084417122	0.0	0.0017084282460136675
are any grounds	0.6931471805599453	0.16124080958374037	-0.401548016535682	0.0	5.694760820045558E-4
article if the	0.6931471805599453	0.4841975981311339	-0.695843084417122	0.0	0.0017084282460136675
arise from such	1.0986122886681098	2.185197765274108	1.478241443497681	0.0035335689045936395	5.694760820045558E-4
are different in	0.6931471805599453	0.16124080958374037	-0.401548016535682	0.0	5.694760820045558E-4
are not inconsistent	0.6931471805599453	0.3226399312043818	-0.5680140237743975	0.0	0.0011389521640091116
article 533 shall	0.6931471805599453	0.6459140440917206	-0.8036877777419043	0.0	0.002277904328018223
article 467 or	0.6931471805599453	0.16124080958374037	-0.401548016535682	0.0	5.694760820045558E-4
are harmed due	0.6931471805599453	0.4841975981311339	-0.695843084417122	0.0	0.0017084282460136675
article shall apply	0.780158557549575	0.024801004818567063	0.1574833477500623	0.007067137809187279	0.006264236902050114
article 876-4 shall	0.6931471805599453	0.16124080958374037	-0.401548016535682	0.0	5.694760820045558E-4
article 956 shall	0.6931471805599453	0.16124080958374037	-0.401548016535682	0.0	5.694760820045558E-4
article 717 paragraph	0.6931471805599453	0.16124080958374037	-0.401548016535682	0.0	5.694760820045558E-4
articles 27 to	0.6931471805599453	0.8077895032735075	-0.8987711072756553	0.0	0.0028473804100227792
article is	0.7884573603642703	0.03911347549488644	0.19777127065093764	0.0035335689045936395	0.0028473804100227792
articles the principal	0.6931471805599453	0.16124080958374037	-0.401548016535682	0.0	5.694760820045558E-4
article it	1.0986122886681098	2.185197765274108	1.478241443497681	0.0035335689045936395	5.694760820045558E-4
are any	0.6931471805599453	0.3226399312043818	-0.5680140237743975	0.0	0.0011389521640091116
articles 853 to	0.6931471805599453	0.16124080958374037	-0.401548016535682	0.0	5.694760820045558E-4
article 901 article	0.6931471805599453	0.16124080958374037	-0.401548016535682	0.0	5.694760820045558E-4
article 941 an	0.6931471805599453	0.16124080958374037	-0.401548016535682	0.0	5.694760820045558E-4
are silbings	0.6931471805599453	0.16124080958374037	-0.401548016535682	0.0	5.694760820045558E-4
are silbings of	0.6931471805599453	0.16124080958374037	-0.401548016535682	0.0	5.694760820045558E-4
are as follows	0.6931471805599453	0.16124080958374037	-0.401548016535682	0.0	5.694760820045558E-4
article if	0.6931471805599453	0.8077895032735075	-0.8987711072756553	0.0	0.0028473804100227792
article 'oral instruction'	0.6931471805599453	0.16124080958374037	-0.401548016535682	0.0	5.694760820045558E-4
are judged to	0.6931471805599453	0.16124080958374037	-0.401548016535682	0.0	5.694760820045558E-4
article in	0.6931471805599453	0.6459140440917206	-0.8036877777419043	0.0	0.002277904328018223
article ii	0.6931471805599453	0.16124080958374037	-0.401548016535682	0.0	5.694760820045558E-4
are only established	0.6931471805599453	0.16124080958374037	-0.401548016535682	0.0	5.694760820045558E-4
article 927 within	0.6931471805599453	0.16124080958374037	-0.401548016535682	0.0	5.694760820045558E-4
articles a decedent	0.6931471805599453	0.16124080958374037	-0.401548016535682	0.0	5.694760820045558E-4
arises by novation	0.6931471805599453	0.16124080958374037	-0.401548016535682	0.0	5.694760820045558E-4
article 915 shall	0.6931471805599453	0.16124080958374037	-0.401548016535682	0.0	5.694760820045558E-4
are extremely harmed	0.6931471805599453	0.16124080958374037	-0.401548016535682	0.0	5.694760820045558E-4
articles 943	0.6931471805599453	0.16124080958374037	-0.401548016535682	0.0	5.694760820045558E-4
article 634 or	0.6931471805599453	0.16124080958374037	-0.401548016535682	0.0	5.694760820045558E-4
article 843 and	0.6931471805599453	0.3226399312043818	-0.5680140237743975	0.0	0.0011389521640091116
article 462 shall	0.6931471805599453	0.16124080958374037	-0.401548016535682	0.0	5.694760820045558E-4
article shall have	0.6931471805599453	0.3226399312043818	-0.5680140237743975	0.0	0.0011389521640091116
article 7 exists	1.0986122886681098	6.207991622078044	2.491584159140133	0.0035335689045936395	0.0
article 383 files	0.6931471805599453	0.16124080958374037	-0.401548016535682	0.0	5.694760820045558E-4
article 602 ii	0.6931471805599453	0.16124080958374037	-0.401548016535682	0.0	5.694760820045558E-4
article 887 or	0.6931471805599453	0.16124080958374037	-0.401548016535682	0.0	5.694760820045558E-4
article 15 or	1.0986122886681098	6.207991622078044	2.491584159140133	0.0035335689045936395	0.0
article 'oral	0.6931471805599453	0.16124080958374037	-0.401548016535682	0.0	5.694760820045558E-4
article through article	0.6931471805599453	0.16124080958374037	-0.401548016535682	0.0	5.694760820045558E-4
arrangement	0.6931471805599453	0.16124080958374037	-0.401548016535682	0.0	5.694760820045558E-4
article 739 applied	0.6931471805599453	0.6459140440917206	-0.8036877777419043	0.0	0.002277904328018223
are established in	0.6931471805599453	0.16124080958374037	-0.401548016535682	0.0	5.694760820045558E-4
are common to	0.6931471805599453	0.16124080958374037	-0.401548016535682	0.0	5.694760820045558E-4
articles 766	0.6931471805599453	0.3226399312043818	-0.5680140237743975	0.0	0.0011389521640091116
article any of	1.0986122886681098	6.207991622078044	2.491584159140133	0.0035335689045936395	0.0
article 129 shall	1.0986122886681098	6.207991622078044	2.491584159140133	0.0035335689045936395	0.0
article 876-9 are	1.0986122886681098	6.207991622078044	2.491584159140133	0.0035335689045936395	0.0
are other	0.6931471805599453	0.16124080958374037	-0.401548016535682	0.0	5.694760820045558E-4
article 851 shall	0.6931471805599453	0.3226399312043818	-0.5680140237743975	0.0	0.0011389521640091116
article he	0.6931471805599453	0.3226399312043818	-0.5680140237743975	0.0	0.0011389521640091116
article 876-4	0.6931471805599453	0.16124080958374037	-0.401548016535682	0.0	5.694760820045558E-4
article 876-5	0.6931471805599453	0.16124080958374037	-0.401548016535682	0.0	5.694760820045558E-4
article those customs	0.6931471805599453	0.16124080958374037	-0.401548016535682	0.0	5.694760820045558E-4
are insufficient	0.6931471805599453	0.16124080958374037	-0.401548016535682	0.0	5.694760820045558E-4
area of	1.3862943611198906	12.42207847402558	3.5244969107697597	0.007067137809187279	0.0
are specified	0.6931471805599453	0.3226399312043818	-0.5680140237743975	0.0	0.0011389521640091116
article 650 excluding	0.6931471805599453	0.16124080958374037	-0.401548016535682	0.0	5.694760820045558E-4
article 876-9	1.3862943611198906	12.42207847402558	3.5244969107697597	0.007067137809187279	0.0
are required	0.6931471805599453	0.16124080958374037	-0.401548016535682	0.0	5.694760820045558E-4
article 561 through	0.6931471805599453	0.16124080958374037	-0.401548016535682	0.0	5.694760820045558E-4
are severed from	1.0986122886681098	6.207991622078044	2.491584159140133	0.0035335689045936395	0.0
arts and sciences	1.0986122886681098	6.207991622078044	2.491584159140133	0.0035335689045936395	0.0
are deemed	0.6931471805599453	0.16124080958374037	-0.401548016535682	0.0	5.694760820045558E-4
are cases when	0.6931471805599453	0.16124080958374037	-0.401548016535682	0.0	5.694760820045558E-4
articles of incorporation	1.3862943611198906	12.42207847402558	3.5244969107697597	0.007067137809187279	0.0
arbitration act	1.0986122886681098	6.207991622078044	2.491584159140133	0.0035335689045936395	0.0
articles 1011 to	0.6931471805599453	0.16124080958374037	-0.401548016535682	0.0	5.694760820045558E-4
article 876-5 shall	0.6931471805599453	0.16124080958374037	-0.401548016535682	0.0	5.694760820045558E-4
article 772 a	0.6931471805599453	0.16124080958374037	-0.401548016535682	0.0	5.694760820045558E-4
article 819 or	0.6931471805599453	0.16124080958374037	-0.401548016535682	0.0	5.694760820045558E-4
are two	0.6931471805599453	1.4568861721108206	-1.2070153984563827	0.0	0.005125284738041002
articles 744	0.6931471805599453	0.16124080958374037	-0.401548016535682	0.0	5.694760820045558E-4
arrival to	0.6931471805599453	0.3226399312043818	-0.5680140237743975	0.0	0.0011389521640091116
arising from that	0.6931471805599453	0.16124080958374037	-0.401548016535682	0.0	5.694760820045558E-4
are assumed	0.6931471805599453	0.16124080958374037	-0.401548016535682	0.0	5.694760820045558E-4
article 296 article	0.6931471805599453	0.16124080958374037	-0.401548016535682	0.0	5.694760820045558E-4
arisen with respect	0.6931471805599453	0.16124080958374037	-0.401548016535682	0.0	5.694760820045558E-4
are delegated to	0.6931471805599453	0.16124080958374037	-0.401548016535682	0.0	5.694760820045558E-4
article 851 article	0.6931471805599453	0.3226399312043818	-0.5680140237743975	0.0	0.0011389521640091116
are to give	0.6931471805599453	0.16124080958374037	-0.401548016535682	0.0	5.694760820045558E-4
are grounds	0.6931471805599453	0.16124080958374037	-0.401548016535682	0.0	5.694760820045558E-4
article 850	0.6931471805599453	0.3226399312043818	-0.5680140237743975	0.0	0.0011389521640091116
article 851	0.6931471805599453	0.3226399312043818	-0.5680140237743975	0.0	0.0011389521640091116
article 799 and	0.6931471805599453	0.16124080958374037	-0.401548016535682	0.0	5.694760820045558E-4
are established	0.6931471805599453	0.3226399312043818	-0.5680140237743975	0.0	0.0011389521640091116
article if a	0.6931471805599453	0.16124080958374037	-0.401548016535682	0.0	5.694760820045558E-4
are heirs	0.6931471805599453	0.3226399312043818	-0.5680140237743975	0.0	0.0011389521640091116
article the seller	0.6931471805599453	0.16124080958374037	-0.401548016535682	0.0	5.694760820045558E-4
are pending	0.6931471805599453	0.16124080958374037	-0.401548016535682	0.0	5.694760820045558E-4
article 296 shall	0.6931471805599453	0.16124080958374037	-0.401548016535682	0.0	5.694760820045558E-4
arrival referred to	0.6931471805599453	0.3226399312043818	-0.5680140237743975	0.0	0.0011389521640091116
article 862 shall	0.6931471805599453	0.4841975981311339	-0.695843084417122	0.0	0.0017084282460136675
article 617	0.6931471805599453	0.16124080958374037	-0.401548016535682	0.0	5.694760820045558E-4
arrived due to	0.6931471805599453	0.16124080958374037	-0.401548016535682	0.0	5.694760820045558E-4
article 600	0.6931471805599453	0.16124080958374037	-0.401548016535682	0.0	5.694760820045558E-4
article 843	0.6931471805599453	0.8077895032735075	-0.8987711072756553	0.0	0.0028473804100227792
article 602	1.0986122886681098	2.185197765274108	1.478241443497681	0.0035335689045936395	5.694760820045558E-4
article 844	0.6931471805599453	0.8077895032735075	-0.8987711072756553	0.0	0.0028473804100227792
article 840	0.6931471805599453	0.16124080958374037	-0.401548016535682	0.0	5.694760820045558E-4
are insufficient funds	0.6931471805599453	0.16124080958374037	-0.401548016535682	0.0	5.694760820045558E-4
article 500 if	0.6931471805599453	0.16124080958374037	-0.401548016535682	0.0	5.694760820045558E-4
arose from	0.6931471805599453	0.6459140440917206	-0.8036877777419043	0.0	0.002277904328018223
article 646 paragraph	0.6931471805599453	0.16124080958374037	-0.401548016535682	0.0	5.694760820045558E-4
are installed after	0.6931471805599453	0.16124080958374037	-0.401548016535682	0.0	5.694760820045558E-4
article 372 provided	0.6931471805599453	0.16124080958374037	-0.401548016535682	0.0	5.694760820045558E-4
article 846	0.6931471805599453	0.4841975981311339	-0.695843084417122	0.0	0.0017084282460136675
article 847	0.6931471805599453	0.4841975981311339	-0.695843084417122	0.0	0.0017084282460136675
article 817-2 shall	0.6931471805599453	0.16124080958374037	-0.401548016535682	0.0	5.694760820045558E-4
arising from	0.7472144018302211	0.12652524841102739	-0.3557038774191636	0.0035335689045936395	0.005125284738041002
article 17 or	1.0986122886681098	6.207991622078044	2.491584159140133	0.0035335689045936395	0.0
arrival if the	0.6931471805599453	0.16124080958374037	-0.401548016535682	0.0	5.694760820045558E-4
article 634	0.6931471805599453	0.3226399312043818	-0.5680140237743975	0.0	0.0011389521640091116
article 635	0.6931471805599453	0.16124080958374037	-0.401548016535682	0.0	5.694760820045558E-4
articles 488 to	0.6931471805599453	0.16124080958374037	-0.401548016535682	0.0	5.694760820045558E-4
article 871	0.6931471805599453	0.3226399312043818	-0.5680140237743975	0.0	0.0011389521640091116
article 872	0.6931471805599453	0.16124080958374037	-0.401548016535682	0.0	5.694760820045558E-4
are made	1.0986122886681098	2.185197765274108	1.478241443497681	0.0035335689045936395	5.694760820045558E-4
article 873	0.6931471805599453	0.3226399312043818	-0.5680140237743975	0.0	0.0011389521640091116
articles of	1.3862943611198906	12.42207847402558	3.5244969107697597	0.007067137809187279	0.0
are rights	0.6931471805599453	0.3226399312043818	-0.5680140237743975	0.0	0.0011389521640091116
article 870	0.6931471805599453	0.3226399312043818	-0.5680140237743975	0.0	0.0011389521640091116
article 566 and	0.6931471805599453	0.16124080958374037	-0.401548016535682	0.0	5.694760820045558E-4
articles 820 to	0.6931471805599453	0.16124080958374037	-0.401548016535682	0.0	5.694760820045558E-4
article 817-2	0.6931471805599453	0.3226399312043818	-0.5680140237743975	0.0	0.0011389521640091116
article 817-3	0.6931471805599453	0.16124080958374037	-0.401548016535682	0.0	5.694760820045558E-4
article the counterparty	1.0986122886681098	6.207991622078044	2.491584159140133	0.0035335689045936395	0.0
are not revolving	0.6931471805599453	0.16124080958374037	-0.401548016535682	0.0	5.694760820045558E-4
are registered	0.6931471805599453	0.3226399312043818	-0.5680140237743975	0.0	0.0011389521640091116
article partners	0.6931471805599453	0.16124080958374037	-0.401548016535682	0.0	5.694760820045558E-4
article 637	0.6931471805599453	0.16124080958374037	-0.401548016535682	0.0	5.694760820045558E-4
arise unless	0.6931471805599453	0.3226399312043818	-0.5680140237743975	0.0	0.0011389521640091116
article shall belong	0.6931471805599453	0.16124080958374037	-0.401548016535682	0.0	5.694760820045558E-4
article 624	0.6931471805599453	0.3226399312043818	-0.5680140237743975	0.0	0.0011389521640091116
article the advertiser	0.6931471805599453	0.16124080958374037	-0.401548016535682	0.0	5.694760820045558E-4
article 861	0.6931471805599453	0.8077895032735075	-0.8987711072756553	0.0	0.0028473804100227792
article 862	0.6931471805599453	0.8077895032735075	-0.8987711072756553	0.0	0.0028473804100227792
article 620	0.6931471805599453	0.4841975981311339	-0.695843084417122	0.0	0.0017084282460136675
article 863	0.6931471805599453	0.3226399312043818	-0.5680140237743975	0.0	0.0011389521640091116
are due and	0.6931471805599453	0.16124080958374037	-0.401548016535682	0.0	5.694760820045558E-4
are not a	0.6931471805599453	0.4841975981311339	-0.695843084417122	0.0	0.0017084282460136675
article 196 provided	0.6931471805599453	0.3226399312043818	-0.5680140237743975	0.0	0.0011389521640091116
are regarded	1.6094379124341003	12.525993992885398	3.5392081025118314	0.01060070671378092	5.694760820045558E-4
article 583 shall	0.6931471805599453	0.16124080958374037	-0.401548016535682	0.0	5.694760820045558E-4
article 817-9	0.6931471805599453	0.3226399312043818	-0.5680140237743975	0.0	0.0011389521640091116
are heirs the	0.6931471805599453	0.16124080958374037	-0.401548016535682	0.0	5.694760820045558E-4
article 654 article	0.6931471805599453	0.8077895032735075	-0.8987711072756553	0.0	0.0028473804100227792
article 627	0.6931471805599453	0.3226399312043818	-0.5680140237743975	0.0	0.0011389521640091116
article the location	0.6931471805599453	0.16124080958374037	-0.401548016535682	0.0	5.694760820045558E-4
are distributed	0.6931471805599453	0.3226399312043818	-0.5680140237743975	0.0	0.0011389521640091116
article 816 shall	0.6931471805599453	0.16124080958374037	-0.401548016535682	0.0	5.694760820045558E-4
article 811	0.6931471805599453	0.3226399312043818	-0.5680140237743975	0.0	0.0011389521640091116
article 68-3 of	0.6931471805599453	0.16124080958374037	-0.401548016535682	0.0	5.694760820045558E-4
are able	0.6931471805599453	0.3226399312043818	-0.5680140237743975	0.0	0.0011389521640091116
article 446 shall	0.6931471805599453	0.3226399312043818	-0.5680140237743975	0.0	0.0011389521640091116
arise from the	0.6931471805599453	0.6459140440917206	-0.8036877777419043	0.0	0.002277904328018223
article 968 and	0.6931471805599453	0.16124080958374037	-0.401548016535682	0.0	5.694760820045558E-4
article the lessee	0.6931471805599453	0.16124080958374037	-0.401548016535682	0.0	5.694760820045558E-4
article 634 within	0.6931471805599453	0.16124080958374037	-0.401548016535682	0.0	5.694760820045558E-4
arrives after	0.6931471805599453	0.3226399312043818	-0.5680140237743975	0.0	0.0011389521640091116
article 583 in	0.6931471805599453	0.16124080958374037	-0.401548016535682	0.0	5.694760820045558E-4
article 819	0.6931471805599453	0.3226399312043818	-0.5680140237743975	0.0	0.0011389521640091116
article 816	0.6931471805599453	0.16124080958374037	-0.401548016535682	0.0	5.694760820045558E-4
are a couple	0.6931471805599453	0.4841975981311339	-0.695843084417122	0.0	0.0017084282460136675
article 941 provided	0.6931471805599453	0.16124080958374037	-0.401548016535682	0.0	5.694760820045558E-4
article 647 shall	0.6931471805599453	0.16124080958374037	-0.401548016535682	0.0	5.694760820045558E-4
arrives prior	0.6931471805599453	0.16124080958374037	-0.401548016535682	0.0	5.694760820045558E-4
articles 804	0.6931471805599453	0.16124080958374037	-0.401548016535682	0.0	5.694760820045558E-4
arose under the	0.6931471805599453	0.16124080958374037	-0.401548016535682	0.0	5.694760820045558E-4
arbitrate referring to	1.0986122886681098	6.207991622078044	2.491584159140133	0.0035335689045936395	0.0
arises through	0.6931471805599453	0.16124080958374037	-0.401548016535682	0.0	5.694760820045558E-4
arise if a	0.6931471805599453	0.16124080958374037	-0.401548016535682	0.0	5.694760820045558E-4
are delegated	0.6931471805599453	0.16124080958374037	-0.401548016535682	0.0	5.694760820045558E-4
article 832	0.6931471805599453	0.4841975981311339	-0.695843084417122	0.0	0.0017084282460136675
article 834	0.6931471805599453	0.16124080958374037	-0.401548016535682	0.0	5.694760820045558E-4
article 830	0.6931471805599453	0.16124080958374037	-0.401548016535682	0.0	5.694760820045558E-4
arise or if	0.6931471805599453	0.16124080958374037	-0.401548016535682	0.0	5.694760820045558E-4
arise in	0.6931471805599453	0.16124080958374037	-0.401548016535682	0.0	5.694760820045558E-4
article thereby	0.6931471805599453	0.16124080958374037	-0.401548016535682	0.0	5.694760820045558E-4
article 843 article	0.6931471805599453	0.4841975981311339	-0.695843084417122	0.0	0.0017084282460136675
article 728 or	0.6931471805599453	0.16124080958374037	-0.401548016535682	0.0	5.694760820045558E-4
arrive before the	0.6931471805599453	0.16124080958374037	-0.401548016535682	0.0	5.694760820045558E-4
arise if	0.6931471805599453	0.3226399312043818	-0.5680140237743975	0.0	0.0011389521640091116
article 976 to	0.6931471805599453	0.16124080958374037	-0.401548016535682	0.0	5.694760820045558E-4
arrived at	1.0986122886681098	6.207991622078044	2.491584159140133	0.0035335689045936395	0.0
article 820	0.6931471805599453	0.16124080958374037	-0.401548016535682	0.0	5.694760820045558E-4
article 846 article	0.6931471805599453	0.4841975981311339	-0.695843084417122	0.0	0.0017084282460136675
article the	0.8023464725249373	0.32006501639293444	0.5657428889459721	0.01060070671378092	0.007403189066059226
article without objection	0.6931471805599453	0.16124080958374037	-0.401548016535682	0.0	5.694760820045558E-4
arrived due	0.6931471805599453	0.16124080958374037	-0.401548016535682	0.0	5.694760820045558E-4
article 824	0.6931471805599453	0.4841975981311339	-0.695843084417122	0.0	0.0017084282460136675
article 826	0.6931471805599453	0.16124080958374037	-0.401548016535682	0.0	5.694760820045558E-4
article and	0.9162907318741551	0.9512642445189431	0.9753277626105714	0.0035335689045936395	0.0011389521640091116
article 774 shall	0.6931471805599453	0.16124080958374037	-0.401548016535682	0.0	5.694760820045558E-4
arose and	1.0986122886681098	6.207991622078044	2.491584159140133	0.0035335689045936395	0.0
article 453	0.6931471805599453	0.16124080958374037	-0.401548016535682	0.0	5.694760820045558E-4
article 312 through	0.6931471805599453	0.16124080958374037	-0.401548016535682	0.0	5.694760820045558E-4
arts and	1.0986122886681098	6.207991622078044	2.491584159140133	0.0035335689045936395	0.0
article 691	0.6931471805599453	0.16124080958374037	-0.401548016535682	0.0	5.694760820045558E-4
article 452	0.6931471805599453	0.16124080958374037	-0.401548016535682	0.0	5.694760820045558E-4
article 210	0.6931471805599453	0.16124080958374037	-0.401548016535682	0.0	5.694760820045558E-4
article other rights	0.6931471805599453	0.16124080958374037	-0.401548016535682	0.0	5.694760820045558E-4
are incapable of	0.6931471805599453	0.16124080958374037	-0.401548016535682	0.0	5.694760820045558E-4
arrived within the	0.6931471805599453	0.16124080958374037	-0.401548016535682	0.0	5.694760820045558E-4
are common	0.6931471805599453	0.16124080958374037	-0.401548016535682	0.0	5.694760820045558E-4
article 832 shall	0.6931471805599453	0.4841975981311339	-0.695843084417122	0.0	0.0017084282460136675
are real rights	0.6931471805599453	0.16124080958374037	-0.401548016535682	0.0	5.694760820045558E-4
article the person	0.6931471805599453	0.16124080958374037	-0.401548016535682	0.0	5.694760820045558E-4
article 446	0.6931471805599453	0.3226399312043818	-0.5680140237743975	0.0	0.0011389521640091116
article is deaf	0.6931471805599453	0.16124080958374037	-0.401548016535682	0.0	5.694760820045558E-4
article 689	0.6931471805599453	0.16124080958374037	-0.401548016535682	0.0	5.694760820045558E-4
article 162 shall	1.0986122886681098	6.207991622078044	2.491584159140133	0.0035335689045936395	0.0
article 733 if	0.6931471805599453	0.3226399312043818	-0.5680140237743975	0.0	0.0011389521640091116
article 398-4 shall	0.6931471805599453	0.3226399312043818	-0.5680140237743975	0.0	0.0011389521640091116
article 442	0.6931471805599453	0.16124080958374037	-0.401548016535682	0.0	5.694760820045558E-4
arising	0.7339691750802005	0.41899725856004655	-0.6472999757145419	0.0035335689045936395	0.00683371298405467
arrival referred	0.6931471805599453	0.3226399312043818	-0.5680140237743975	0.0	0.0011389521640091116
article 443	0.6931471805599453	0.3226399312043818	-0.5680140237743975	0.0	0.0011389521640091116
arise	0.7221347174331975	1.0526642870978509	-1.0259942919421388	0.0035335689045936395	0.00968109339407745
article 202	0.6931471805599453	0.16124080958374037	-0.401548016535682	0.0	5.694760820045558E-4
are reasonable grounds	0.6931471805599453	0.16124080958374037	-0.401548016535682	0.0	5.694760820045558E-4
article 624 1	0.6931471805599453	0.16124080958374037	-0.401548016535682	0.0	5.694760820045558E-4
article ii if	0.6931471805599453	0.16124080958374037	-0.401548016535682	0.0	5.694760820045558E-4
articles 766 to	0.6931471805599453	0.3226399312043818	-0.5680140237743975	0.0	0.0011389521640091116
article 427 shall	0.6931471805599453	0.16124080958374037	-0.401548016535682	0.0	5.694760820045558E-4
article 537 against	0.6931471805599453	0.16124080958374037	-0.401548016535682	0.0	5.694760820045558E-4
are effected	0.6931471805599453	0.16124080958374037	-0.401548016535682	0.0	5.694760820045558E-4
article 398-16 shall	0.6931471805599453	0.16124080958374037	-0.401548016535682	0.0	5.694760820045558E-4
article 976 shall	0.6931471805599453	0.16124080958374037	-0.401548016535682	0.0	5.694760820045558E-4
article 627 even	0.6931471805599453	0.16124080958374037	-0.401548016535682	0.0	5.694760820045558E-4
arose in the	0.6931471805599453	0.16124080958374037	-0.401548016535682	0.0	5.694760820045558E-4
are so joined	0.6931471805599453	0.4841975981311339	-0.695843084417122	0.0	0.0017084282460136675
article 859-2	0.6931471805599453	0.8077895032735075	-0.8987711072756553	0.0	0.0028473804100227792
article 769 and	0.6931471805599453	0.16124080958374037	-0.401548016535682	0.0	5.694760820045558E-4
are unavoidable	0.6931471805599453	0.9698242103246322	-0.9847965324495369	0.0	0.003416856492027335
article 891 or	0.6931471805599453	0.3226399312043818	-0.5680140237743975	0.0	0.0011389521640091116
are defective a	0.6931471805599453	0.16124080958374037	-0.401548016535682	0.0	5.694760820045558E-4
article 859-3	0.6931471805599453	0.8077895032735075	-0.8987711072756553	0.0	0.0028473804100227792
are married without	0.6931471805599453	0.16124080958374037	-0.401548016535682	0.0	5.694760820045558E-4
article thereby precluding	0.6931471805599453	0.16124080958374037	-0.401548016535682	0.0	5.694760820045558E-4
articles 392 and	0.6931471805599453	0.16124080958374037	-0.401548016535682	0.0	5.694760820045558E-4
article it shall	1.0986122886681098	6.207991622078044	2.491584159140133	0.0035335689045936395	0.0
article 17 which	1.0986122886681098	6.207991622078044	2.491584159140133	0.0035335689045936395	0.0
article 844 to	0.6931471805599453	0.3226399312043818	-0.5680140237743975	0.0	0.0011389521640091116
articles 392	0.6931471805599453	0.16124080958374037	-0.401548016535682	0.0	5.694760820045558E-4
article 97	0.6931471805599453	0.16124080958374037	-0.401548016535682	0.0	5.694760820045558E-4
article 468	0.6931471805599453	0.16124080958374037	-0.401548016535682	0.0	5.694760820045558E-4
article through	0.6931471805599453	0.16124080958374037	-0.401548016535682	0.0	5.694760820045558E-4
article 733 may	0.6931471805599453	0.16124080958374037	-0.401548016535682	0.0	5.694760820045558E-4
article 229	0.6931471805599453	0.3226399312043818	-0.5680140237743975	0.0	0.0011389521640091116
article 467	0.6931471805599453	0.4841975981311339	-0.695843084417122	0.0	0.0017084282460136675
article 225	0.6931471805599453	0.16124080958374037	-0.401548016535682	0.0	5.694760820045558E-4
article 462	0.6931471805599453	0.16124080958374037	-0.401548016535682	0.0	5.694760820045558E-4
arising from certain	0.6931471805599453	0.16124080958374037	-0.401548016535682	0.0	5.694760820045558E-4
arises with respect	0.6931471805599453	0.3226399312043818	-0.5680140237743975	0.0	0.0011389521640091116
article are satisfied	0.6931471805599453	0.16124080958374037	-0.401548016535682	0.0	5.694760820045558E-4
article any	1.0986122886681098	2.185197765274108	1.478241443497681	0.0035335689045936395	5.694760820045558E-4
article 465-3	0.6931471805599453	0.16124080958374037	-0.401548016535682	0.0	5.694760820045558E-4
article 465-2	0.6931471805599453	0.16124080958374037	-0.401548016535682	0.0	5.694760820045558E-4
are incapable	0.6931471805599453	0.3226399312043818	-0.5680140237743975	0.0	0.0011389521640091116
article 648 shall	0.6931471805599453	0.16124080958374037	-0.401548016535682	0.0	5.694760820045558E-4
articles 380	0.6931471805599453	0.16124080958374037	-0.401548016535682	0.0	5.694760820045558E-4
article 167 shall	0.6931471805599453	0.16124080958374037	-0.401548016535682	0.0	5.694760820045558E-4
article 897	0.6931471805599453	0.16124080958374037	-0.401548016535682	0.0	5.694760820045558E-4
article 655	0.6931471805599453	1.2943723089381107	-1.1377048426275203	0.0	0.004555808656036446
article 551 shall	0.6931471805599453	0.16124080958374037	-0.401548016535682	0.0	5.694760820045558E-4
article 731 may	0.6931471805599453	0.16124080958374037	-0.401548016535682	0.0	5.694760820045558E-4
article 392 of	1.0986122886681098	6.207991622078044	2.491584159140133	0.0035335689045936395	0.0
article 654	0.6931471805599453	1.2943723089381107	-1.1377048426275203	0.0	0.004555808656036446
articles 977 to	0.6931471805599453	0.16124080958374037	-0.401548016535682	0.0	5.694760820045558E-4
article 443 shall	0.6931471805599453	0.3226399312043818	-0.5680140237743975	0.0	0.0011389521640091116
article 891	0.6931471805599453	0.4841975981311339	-0.695843084417122	0.0	0.0017084282460136675
are not performed	0.6931471805599453	0.16124080958374037	-0.401548016535682	0.0	5.694760820045558E-4
article 650	0.6931471805599453	0.9698242103246322	-0.9847965324495369	0.0	0.003416856492027335
arrived within	0.6931471805599453	0.16124080958374037	-0.401548016535682	0.0	5.694760820045558E-4
arises due	0.6931471805599453	0.16124080958374037	-0.401548016535682	0.0	5.694760820045558E-4
are incurred	0.6931471805599453	0.16124080958374037	-0.401548016535682	0.0	5.694760820045558E-4
arise or	0.6931471805599453	0.16124080958374037	-0.401548016535682	0.0	5.694760820045558E-4
article 811 and	0.6931471805599453	0.16124080958374037	-0.401548016535682	0.0	5.694760820045558E-4
article those	0.6931471805599453	0.16124080958374037	-0.401548016535682	0.0	5.694760820045558E-4
are not registered	0.6931471805599453	0.4841975981311339	-0.695843084417122	0.0	0.0017084282460136675
article 597 and	0.6931471805599453	0.16124080958374037	-0.401548016535682	0.0	5.694760820045558E-4
article 417	0.6931471805599453	0.16124080958374037	-0.401548016535682	0.0	5.694760820045558E-4
arises due to	0.6931471805599453	0.16124080958374037	-0.401548016535682	0.0	5.694760820045558E-4
article 402	0.6931471805599453	0.16124080958374037	-0.401548016535682	0.0	5.694760820045558E-4
article 886	0.6931471805599453	0.16124080958374037	-0.401548016535682	0.0	5.694760820045558E-4
article 644	0.6931471805599453	0.9698242103246322	-0.9847965324495369	0.0	0.003416856492027335
article 887	0.6931471805599453	0.8077895032735075	-0.8987711072756553	0.0	0.0028473804100227792
article 645	0.6931471805599453	0.4841975981311339	-0.695843084417122	0.0	0.0017084282460136675
article 646	0.6931471805599453	0.6459140440917206	-0.8036877777419043	0.0	0.002277904328018223
article 889	0.6931471805599453	0.16124080958374037	-0.401548016535682	0.0	5.694760820045558E-4
article 647	0.6931471805599453	0.16124080958374037	-0.401548016535682	0.0	5.694760820045558E-4
article 401	0.6931471805599453	0.16124080958374037	-0.401548016535682	0.0	5.694760820045558E-4
article 183 of	0.6931471805599453	0.16124080958374037	-0.401548016535682	0.0	5.694760820045558E-4
article 242 through	0.6931471805599453	0.3226399312043818	-0.5680140237743975	0.0	0.0011389521640091116
article 770 shall	0.6931471805599453	0.16124080958374037	-0.401548016535682	0.0	5.694760820045558E-4
article 927 shall	0.6931471805599453	0.3226399312043818	-0.5680140237743975	0.0	0.0011389521640091116
article 927 and	0.6931471805599453	0.16124080958374037	-0.401548016535682	0.0	5.694760820045558E-4
arises through a	0.6931471805599453	0.16124080958374037	-0.401548016535682	0.0	5.694760820045558E-4
article 423 the	0.6931471805599453	0.16124080958374037	-0.401548016535682	0.0	5.694760820045558E-4
article 648	0.6931471805599453	0.16124080958374037	-0.401548016535682	0.0	5.694760820045558E-4
article 7 or	1.0986122886681098	6.207991622078044	2.491584159140133	0.0035335689045936395	0.0
article 796 provided	0.6931471805599453	0.16124080958374037	-0.401548016535682	0.0	5.694760820045558E-4
are evident prior	0.6931471805599453	0.16124080958374037	-0.401548016535682	0.0	5.694760820045558E-4
arise in the	0.6931471805599453	0.16124080958374037	-0.401548016535682	0.0	5.694760820045558E-4
article 654 and	0.6931471805599453	0.4841975981311339	-0.695843084417122	0.0	0.0017084282460136675
are the	0.6931471805599453	1.9453898565268646	-1.3947723314315008	0.0	0.00683371298405467
articles 442 to	0.6931471805599453	0.16124080958374037	-0.401548016535682	0.0	5.694760820045558E-4
are in continuous	0.6931471805599453	0.16124080958374037	-0.401548016535682	0.0	5.694760820045558E-4
article 840 and	0.6931471805599453	0.16124080958374037	-0.401548016535682	0.0	5.694760820045558E-4
arrival	1.0560526742493137	13.590428874821608	3.6865198866711144	0.024734982332155476	0.004555808656036446
are customs that	0.6931471805599453	0.8077895032735075	-0.8987711072756553	0.0	0.0028473804100227792
article 453 if	0.6931471805599453	0.16124080958374037	-0.401548016535682	0.0	5.694760820045558E-4
are specified as	0.6931471805599453	0.16124080958374037	-0.401548016535682	0.0	5.694760820045558E-4
are made with	0.6931471805599453	0.16124080958374037	-0.401548016535682	0.0	5.694760820045558E-4
are regarded as	1.6094379124341003	12.525993992885398	3.5392081025118314	0.01060070671378092	5.694760820045558E-4
article 670	0.6931471805599453	0.16124080958374037	-0.401548016535682	0.0	5.694760820045558E-4
articles 243 to	0.6931471805599453	0.16124080958374037	-0.401548016535682	0.0	5.694760820045558E-4
articles 744 to	0.6931471805599453	0.16124080958374037	-0.401548016535682	0.0	5.694760820045558E-4
article inclusive	1.0986122886681098	2.185197765274108	1.478241443497681	0.0035335689045936395	5.694760820045558E-4
are already with	0.6931471805599453	0.16124080958374037	-0.401548016535682	0.0	5.694760820045558E-4
article 672	0.6931471805599453	0.16124080958374037	-0.401548016535682	0.0	5.694760820045558E-4
are due the	0.6931471805599453	0.16124080958374037	-0.401548016535682	0.0	5.694760820045558E-4
are specified solely	0.6931471805599453	0.16124080958374037	-0.401548016535682	0.0	5.694760820045558E-4
articles 943 to	0.6931471805599453	0.16124080958374037	-0.401548016535682	0.0	5.694760820045558E-4
article 645 through	0.6931471805599453	0.16124080958374037	-0.401548016535682	0.0	5.694760820045558E-4
article 229 to	0.6931471805599453	0.16124080958374037	-0.401548016535682	0.0	5.694760820045558E-4
articles 192	0.6931471805599453	0.16124080958374037	-0.401548016535682	0.0	5.694760820045558E-4
article the parties	0.6931471805599453	0.16124080958374037	-0.401548016535682	0.0	5.694760820045558E-4
articles 27	0.6931471805599453	0.8077895032735075	-0.8987711072756553	0.0	0.0028473804100227792
article he she	0.6931471805599453	0.3226399312043818	-0.5680140237743975	0.0	0.0011389521640091116
article 424	0.6931471805599453	0.3226399312043818	-0.5680140237743975	0.0	0.0011389521640091116
article inclusive any	0.6931471805599453	0.16124080958374037	-0.401548016535682	0.0	5.694760820045558E-4
article 427	0.6931471805599453	0.16124080958374037	-0.401548016535682	0.0	5.694760820045558E-4
article 442 shall	0.6931471805599453	0.16124080958374037	-0.401548016535682	0.0	5.694760820045558E-4
are incapable or	0.6931471805599453	0.16124080958374037	-0.401548016535682	0.0	5.694760820045558E-4
article 423	0.6931471805599453	0.16124080958374037	-0.401548016535682	0.0	5.694760820045558E-4
article 830 shall	0.6931471805599453	0.16124080958374037	-0.401548016535682	0.0	5.694760820045558E-4
article it is	0.6931471805599453	0.16124080958374037	-0.401548016535682	0.0	5.694760820045558E-4
article 63	0.6931471805599453	0.16124080958374037	-0.401548016535682	0.0	5.694760820045558E-4
article 819 shall	0.6931471805599453	0.16124080958374037	-0.401548016535682	0.0	5.694760820045558E-4
article 907 or	0.6931471805599453	0.16124080958374037	-0.401548016535682	0.0	5.694760820045558E-4
article 650 paragraphs	0.6931471805599453	0.16124080958374037	-0.401548016535682	0.0	5.694760820045558E-4
