'statement through	0.6931471805599453	0.16124080958374037	-0.401548016535682	0.0	5.694760820045558E-4
'special	0.6931471805599453	0.16124080958374037	-0.401548016535682	0.0	5.694760820045558E-4
'six	0.6931471805599453	0.3226399312043818	-0.5680140237743975	0.0	0.0011389521640091116
's land to	0.6931471805599453	0.16124080958374037	-0.401548016535682	0.0	5.694760820045558E-4
's supercify	0.6931471805599453	0.16124080958374037	-0.401548016535682	0.0	5.694760820045558E-4
's supercify over	0.6931471805599453	0.16124080958374037	-0.401548016535682	0.0	5.694760820045558E-4
's	0.6931471805599453	0.3226399312043818	-0.5680140237743975	0.0	0.0011389521640091116
'statement	0.6931471805599453	0.16124080958374037	-0.401548016535682	0.0	5.694760820045558E-4
'special adoption'	0.6931471805599453	0.16124080958374037	-0.401548016535682	0.0	5.694760820045558E-4
's claim	0.6931471805599453	0.16124080958374037	-0.401548016535682	0.0	5.694760820045558E-4
'six months'	0.6931471805599453	0.3226399312043818	-0.5680140237743975	0.0	0.0011389521640091116
's land	0.6931471805599453	0.16124080958374037	-0.401548016535682	0.0	5.694760820045558E-4
's claim against	0.6931471805599453	0.16124080958374037	-0.401548016535682	0.0	5.694760820045558E-4
'statement through an	0.6931471805599453	0.16124080958374037	-0.401548016535682	0.0	5.694760820045558E-4
