1 000	0.6931471805599453	0.16124080958374037	-0.401548016535682	0.0	5.694760820045558E-4
1 the	0.6931471805599453	0.6459140440917206	-0.8036877777419043	0.0	0.002277904328018223
1 shall apply	0.6931471805599453	0.3226399312043818	-0.5680140237743975	0.0	0.0011389521640091116
1 if the	0.6931471805599453	0.16124080958374037	-0.401548016535682	0.0	5.694760820045558E-4
1 month prior	0.6931471805599453	0.16124080958374037	-0.401548016535682	0.0	5.694760820045558E-4
1 must	0.6931471805599453	0.16124080958374037	-0.401548016535682	0.0	5.694760820045558E-4
1 and 2	0.6931471805599453	0.6459140440917206	-0.8036877777419043	0.0	0.002277904328018223
1 shall	0.6931471805599453	0.6459140440917206	-0.8036877777419043	0.0	0.002277904328018223
1 of article	0.8109302162163288	0.9542820774723697	0.9768736241051703	0.02120141342756184	0.01366742596810934
1 general	0.6931471805599453	0.16124080958374037	-0.401548016535682	0.0	5.694760820045558E-4
1 of the	0.8266785731844679	1.0574938072276312	1.0283451790267855	0.014134275618374558	0.007972665148063782
1 article	1.0986122886681098	6.207991622078044	2.491584159140133	0.0035335689045936395	0.0
1 and paragraph	0.6931471805599453	0.3226399312043818	-0.5680140237743975	0.0	0.0011389521640091116
1 or paragraph	0.6931471805599453	0.16124080958374037	-0.401548016535682	0.0	5.694760820045558E-4
1 in this	0.6931471805599453	0.16124080958374037	-0.401548016535682	0.0	5.694760820045558E-4
1 article 2	1.0986122886681098	6.207991622078044	2.491584159140133	0.0035335689045936395	0.0
1 000 000	0.6931471805599453	0.16124080958374037	-0.401548016535682	0.0	5.694760820045558E-4
1 paragraph	0.6931471805599453	0.16124080958374037	-0.401548016535682	0.0	5.694760820045558E-4
1 the defendant	0.6931471805599453	0.6459140440917206	-0.8036877777419043	0.0	0.002277904328018223
1 is not	0.6931471805599453	0.3226399312043818	-0.5680140237743975	0.0	0.0011389521640091116
1 above	1.0986122886681098	6.207991622078044	2.491584159140133	0.0035335689045936395	0.0
1 in	0.9162907318741551	0.9512642445189431	0.9753277626105714	0.0035335689045936395	0.0011389521640091116
1 or	0.6931471805599453	0.16124080958374037	-0.401548016535682	0.0	5.694760820045558E-4
1 and	0.6931471805599453	0.9698242103246322	-0.9847965324495369	0.0	0.003416856492027335
1 is	0.6931471805599453	0.4841975981311339	-0.695843084417122	0.0	0.0017084282460136675
1 of	0.8050650967639307	1.1176397587234093	1.057184827134503	0.03180212014134275	0.02164009111617312
1 is deaf	0.6931471805599453	0.16124080958374037	-0.401548016535682	0.0	5.694760820045558E-4
1 month	0.6931471805599453	0.16124080958374037	-0.401548016535682	0.0	5.694760820045558E-4
1 shall be	0.6931471805599453	0.3226399312043818	-0.5680140237743975	0.0	0.0011389521640091116
1 in whole	0.6931471805599453	0.16124080958374037	-0.401548016535682	0.0	5.694760820045558E-4
1 in cases	1.0986122886681098	6.207991622078044	2.491584159140133	0.0035335689045936395	0.0
1 of chapter	0.6931471805599453	0.16124080958374037	-0.401548016535682	0.0	5.694760820045558E-4
1 if	0.6931471805599453	0.16124080958374037	-0.401548016535682	0.0	5.694760820045558E-4
1 must be	0.6931471805599453	0.16124080958374037	-0.401548016535682	0.0	5.694760820045558E-4
1 general provisions	0.6931471805599453	0.16124080958374037	-0.401548016535682	0.0	5.694760820045558E-4
1 paragraph 3	0.6931471805599453	0.16124080958374037	-0.401548016535682	0.0	5.694760820045558E-4
1 above in	1.0986122886681098	6.207991622078044	2.491584159140133	0.0035335689045936395	0.0
