1022	0.6931471805599453	0.16124080958374037	-0.401548016535682	0.0	5.694760820045558E-4
10 years consistent	1.0986122886681098	6.207991622078044	2.491584159140133	0.0035335689045936395	0.0
1024 inclusive	0.6931471805599453	0.16124080958374037	-0.401548016535682	0.0	5.694760820045558E-4
105 and paragraph	0.6931471805599453	0.16124080958374037	-0.401548016535682	0.0	5.694760820045558E-4
1022 to	0.6931471805599453	0.16124080958374037	-0.401548016535682	0.0	5.694760820045558E-4
105 to the	0.6931471805599453	0.16124080958374037	-0.401548016535682	0.0	5.694760820045558E-4
10 years ii	0.6931471805599453	0.16124080958374037	-0.401548016535682	0.0	5.694760820045558E-4
1013	0.6931471805599453	0.16124080958374037	-0.401548016535682	0.0	5.694760820045558E-4
105 and	0.6931471805599453	0.16124080958374037	-0.401548016535682	0.0	5.694760820045558E-4
1024 inclusive shall	0.6931471805599453	0.16124080958374037	-0.401548016535682	0.0	5.694760820045558E-4
1013 inclusive	0.6931471805599453	0.16124080958374037	-0.401548016535682	0.0	5.694760820045558E-4
10	1.3862943611198906	7.003954890817268	2.6464986096382646	0.007067137809187279	5.694760820045558E-4
109 of	1.0986122886681098	6.207991622078044	2.491584159140133	0.0035335689045936395	0.0
109 of 1996	1.0986122886681098	6.207991622078044	2.491584159140133	0.0035335689045936395	0.0
10 years peacefully	1.0986122886681098	6.207991622078044	2.491584159140133	0.0035335689045936395	0.0
1011 to 1013	0.6931471805599453	0.16124080958374037	-0.401548016535682	0.0	5.694760820045558E-4
1029 deliver	0.6931471805599453	0.16124080958374037	-0.401548016535682	0.0	5.694760820045558E-4
107 shall apply	0.6931471805599453	0.16124080958374037	-0.401548016535682	0.0	5.694760820045558E-4
103 he she	1.0986122886681098	6.207991622078044	2.491584159140133	0.0035335689045936395	0.0
1029 deliver the	0.6931471805599453	0.16124080958374037	-0.401548016535682	0.0	5.694760820045558E-4
1011	0.6931471805599453	0.16124080958374037	-0.401548016535682	0.0	5.694760820045558E-4
107 shall	0.6931471805599453	0.16124080958374037	-0.401548016535682	0.0	5.694760820045558E-4
10 years	1.3862943611198906	7.003954890817268	2.6464986096382646	0.007067137809187279	5.694760820045558E-4
103 he	1.0986122886681098	6.207991622078044	2.491584159140133	0.0035335689045936395	0.0
1013 inclusive shall	0.6931471805599453	0.16124080958374037	-0.401548016535682	0.0	5.694760820045558E-4
1022 to 1024	0.6931471805599453	0.16124080958374037	-0.401548016535682	0.0	5.694760820045558E-4
1029	0.6931471805599453	0.16124080958374037	-0.401548016535682	0.0	5.694760820045558E-4
103	1.0986122886681098	6.207991622078044	2.491584159140133	0.0035335689045936395	0.0
1024	0.6931471805599453	0.16124080958374037	-0.401548016535682	0.0	5.694760820045558E-4
105	0.6931471805599453	0.3226399312043818	-0.5680140237743975	0.0	0.0011389521640091116
107	0.6931471805599453	0.16124080958374037	-0.401548016535682	0.0	5.694760820045558E-4
109	1.0986122886681098	6.207991622078044	2.491584159140133	0.0035335689045936395	0.0
1011 to	0.6931471805599453	0.16124080958374037	-0.401548016535682	0.0	5.694760820045558E-4
105 to	0.6931471805599453	0.16124080958374037	-0.401548016535682	0.0	5.694760820045558E-4
