126 inclusive	0.6931471805599453	0.4841975981311339	-0.695843084417122	0.0	0.0017084282460136675
126 inclusive shall	0.6931471805599453	0.16124080958374037	-0.401548016535682	0.0	5.694760820045558E-4
128 and	1.0986122886681098	6.207991622078044	2.491584159140133	0.0035335689045936395	0.0
120 ratifies it	1.0986122886681098	6.207991622078044	2.491584159140133	0.0035335689045936395	0.0
129 shall apply	1.0986122886681098	6.207991622078044	2.491584159140133	0.0035335689045936395	0.0
121 to 126	0.6931471805599453	0.4841975981311339	-0.695843084417122	0.0	0.0017084282460136675
120 ratifies	1.0986122886681098	6.207991622078044	2.491584159140133	0.0035335689045936395	0.0
120	1.0986122886681098	6.207991622078044	2.491584159140133	0.0035335689045936395	0.0
121	0.6931471805599453	0.4841975981311339	-0.695843084417122	0.0	0.0017084282460136675
123 of	0.6931471805599453	0.16124080958374037	-0.401548016535682	0.0	5.694760820045558E-4
123	0.6931471805599453	0.16124080958374037	-0.401548016535682	0.0	5.694760820045558E-4
129 shall	1.0986122886681098	6.207991622078044	2.491584159140133	0.0035335689045936395	0.0
126	0.6931471805599453	0.4841975981311339	-0.695843084417122	0.0	0.0017084282460136675
128	1.0986122886681098	6.207991622078044	2.491584159140133	0.0035335689045936395	0.0
129	1.0986122886681098	6.207991622078044	2.491584159140133	0.0035335689045936395	0.0
128 and article	1.0986122886681098	6.207991622078044	2.491584159140133	0.0035335689045936395	0.0
121 to	0.6931471805599453	0.4841975981311339	-0.695843084417122	0.0	0.0017084282460136675
123 of 2004	0.6931471805599453	0.16124080958374037	-0.401548016535682	0.0	5.694760820045558E-4
