15 years of	0.6931471805599453	0.9698242103246322	-0.9847965324495369	0.0	0.003416856492027335
15 an assistant	0.6931471805599453	0.16124080958374037	-0.401548016535682	0.0	5.694760820045558E-4
15 an	0.6931471805599453	0.16124080958374037	-0.401548016535682	0.0	5.694760820045558E-4
15	0.8266785731844679	0.526402705518976	0.7255361503874056	0.007067137809187279	0.003986332574031891
15 or	1.0986122886681098	6.207991622078044	2.491584159140133	0.0035335689045936395	0.0
15 or any	1.0986122886681098	6.207991622078044	2.491584159140133	0.0035335689045936395	0.0
15 ceases	1.0986122886681098	6.207991622078044	2.491584159140133	0.0035335689045936395	0.0
152 of	1.0986122886681098	6.207991622078044	2.491584159140133	0.0035335689045936395	0.0
152 of 1947	1.0986122886681098	6.207991622078044	2.491584159140133	0.0035335689045936395	0.0
15 years	0.6931471805599453	0.9698242103246322	-0.9847965324495369	0.0	0.003416856492027335
15 ceases to	1.0986122886681098	6.207991622078044	2.491584159140133	0.0035335689045936395	0.0
152	1.0986122886681098	6.207991622078044	2.491584159140133	0.0035335689045936395	0.0
