167 shall	0.6931471805599453	0.16124080958374037	-0.401548016535682	0.0	5.694760820045558E-4
167	0.6931471805599453	0.3226399312043818	-0.5680140237743975	0.0	0.0011389521640091116
167 shall commence	0.6931471805599453	0.16124080958374037	-0.401548016535682	0.0	5.694760820045558E-4
16	0.6931471805599453	0.16124080958374037	-0.401548016535682	0.0	5.694760820045558E-4
16 years	0.6931471805599453	0.16124080958374037	-0.401548016535682	0.0	5.694760820045558E-4
162 shall be	1.0986122886681098	6.207991622078044	2.491584159140133	0.0035335689045936395	0.0
162 shall	1.0986122886681098	6.207991622078044	2.491584159140133	0.0035335689045936395	0.0
16 years of	0.6931471805599453	0.16124080958374037	-0.401548016535682	0.0	5.694760820045558E-4
162	1.0986122886681098	6.207991622078044	2.491584159140133	0.0035335689045936395	0.0
163	1.0986122886681098	6.207991622078044	2.491584159140133	0.0035335689045936395	0.0
