178 of 1948	1.0986122886681098	6.207991622078044	2.491584159140133	0.0035335689045936395	0.0
17 or	1.0986122886681098	6.207991622078044	2.491584159140133	0.0035335689045936395	0.0
178	1.0986122886681098	6.207991622078044	2.491584159140133	0.0035335689045936395	0.0
17 shall	0.6931471805599453	0.16124080958374037	-0.401548016535682	0.0	5.694760820045558E-4
17 which demands	1.0986122886681098	6.207991622078044	2.491584159140133	0.0035335689045936395	0.0
17	1.6094379124341003	12.525993992885398	3.5392081025118314	0.01060070671378092	5.694760820045558E-4
17 shall not	0.6931471805599453	0.16124080958374037	-0.401548016535682	0.0	5.694760820045558E-4
17 which	1.0986122886681098	6.207991622078044	2.491584159140133	0.0035335689045936395	0.0
178 of	1.0986122886681098	6.207991622078044	2.491584159140133	0.0035335689045936395	0.0
17 may after	1.0986122886681098	6.207991622078044	2.491584159140133	0.0035335689045936395	0.0
17 may	1.0986122886681098	6.207991622078044	2.491584159140133	0.0035335689045936395	0.0
17 or the	1.0986122886681098	6.207991622078044	2.491584159140133	0.0035335689045936395	0.0
