vessel or	1.0986122886681098	6.207991622078044	2.491584159140133	0.0035335689045936395	0.0
veranda at a	0.6931471805599453	0.16124080958374037	-0.401548016535682	0.0	5.694760820045558E-4
vested in the	0.6931471805599453	0.6459140440917206	-0.8036877777419043	0.0	0.002277904328018223
vests in the	0.6931471805599453	0.3226399312043818	-0.5680140237743975	0.0	0.0011389521640091116
vertical dimension	0.6931471805599453	0.16124080958374037	-0.401548016535682	0.0	5.694760820045558E-4
vertical	0.6931471805599453	0.16124080958374037	-0.401548016535682	0.0	5.694760820045558E-4
vested in	0.6931471805599453	0.6459140440917206	-0.8036877777419043	0.0	0.002277904328018223
vested interest	0.6931471805599453	0.3226399312043818	-0.5680140237743975	0.0	0.0011389521640091116
vests	0.6931471805599453	0.3226399312043818	-0.5680140237743975	0.0	0.0011389521640091116
vested	0.6931471805599453	0.9698242103246322	-0.9847965324495369	0.0	0.003416856492027335
vessel or after	1.0986122886681098	6.207991622078044	2.491584159140133	0.0035335689045936395	0.0
veterinarian heal	0.6931471805599453	0.16124080958374037	-0.401548016535682	0.0	5.694760820045558E-4
vertical dimension in	0.6931471805599453	0.16124080958374037	-0.401548016535682	0.0	5.694760820045558E-4
vessel	1.0986122886681098	6.207991622078044	2.491584159140133	0.0035335689045936395	0.0
vested interest between	0.6931471805599453	0.3226399312043818	-0.5680140237743975	0.0	0.0011389521640091116
veranda at	0.6931471805599453	0.16124080958374037	-0.401548016535682	0.0	5.694760820045558E-4
vessel which	1.0986122886681098	6.207991622078044	2.491584159140133	0.0035335689045936395	0.0
veranda	0.6931471805599453	0.16124080958374037	-0.401548016535682	0.0	5.694760820045558E-4
vest in other	0.6931471805599453	0.16124080958374037	-0.401548016535682	0.0	5.694760820045558E-4
vest	0.7537718023763802	0.057955566580266925	-0.2407396240344886	0.0035335689045936395	0.004555808656036446
vests in	0.6931471805599453	0.3226399312043818	-0.5680140237743975	0.0	0.0011389521640091116
vest in	0.7537718023763802	0.057955566580266925	-0.2407396240344886	0.0035335689045936395	0.004555808656036446
veterinarian	0.6931471805599453	0.16124080958374037	-0.401548016535682	0.0	5.694760820045558E-4
vest in the	0.7621400520468967	0.012784136659683263	-0.11306695653321204	0.0035335689045936395	0.003986332574031891
vessel which later	1.0986122886681098	6.207991622078044	2.491584159140133	0.0035335689045936395	0.0
veterinarian heal it	0.6931471805599453	0.16124080958374037	-0.401548016535682	0.0	5.694760820045558E-4
