183 of	0.6931471805599453	0.16124080958374037	-0.401548016535682	0.0	5.694760820045558E-4
180 of the	0.6931471805599453	0.16124080958374037	-0.401548016535682	0.0	5.694760820045558E-4
180 of	0.6931471805599453	0.16124080958374037	-0.401548016535682	0.0	5.694760820045558E-4
18	0.6931471805599453	0.6459140440917206	-0.8036877777419043	0.0	0.002277904328018223
180	0.6931471805599453	0.16124080958374037	-0.401548016535682	0.0	5.694760820045558E-4
18 years old	0.6931471805599453	0.4841975981311339	-0.695843084417122	0.0	0.0017084282460136675
188 of	0.6931471805599453	0.16124080958374037	-0.401548016535682	0.0	5.694760820045558E-4
183	0.6931471805599453	0.16124080958374037	-0.401548016535682	0.0	5.694760820045558E-4
188 of the	0.6931471805599453	0.16124080958374037	-0.401548016535682	0.0	5.694760820045558E-4
188	0.6931471805599453	0.16124080958374037	-0.401548016535682	0.0	5.694760820045558E-4
18 years of	0.6931471805599453	0.16124080958374037	-0.401548016535682	0.0	5.694760820045558E-4
18 years	0.6931471805599453	0.6459140440917206	-0.8036877777419043	0.0	0.002277904328018223
183 of the	0.6931471805599453	0.16124080958374037	-0.401548016535682	0.0	5.694760820045558E-4
