1947 shall not	1.0986122886681098	6.207991622078044	2.491584159140133	0.0035335689045936395	0.0
192 through	0.6931471805599453	0.16124080958374037	-0.401548016535682	0.0	5.694760820045558E-4
1947 shall	1.0986122886681098	6.207991622078044	2.491584159140133	0.0035335689045936395	0.0
1951 or	1.0986122886681098	6.207991622078044	2.491584159140133	0.0035335689045936395	0.0
1951 or family	1.0986122886681098	6.207991622078044	2.491584159140133	0.0035335689045936395	0.0
196 provided	0.6931471805599453	0.3226399312043818	-0.5680140237743975	0.0	0.0011389521640091116
192	0.6931471805599453	0.16124080958374037	-0.401548016535682	0.0	5.694760820045558E-4
195	0.6931471805599453	0.16124080958374037	-0.401548016535682	0.0	5.694760820045558E-4
196	0.6931471805599453	0.4841975981311339	-0.695843084417122	0.0	0.0017084282460136675
1979 has	0.6931471805599453	0.16124080958374037	-0.401548016535682	0.0	5.694760820045558E-4
1996 regarding	1.0986122886681098	6.207991622078044	2.491584159140133	0.0035335689045936395	0.0
1996	1.0986122886681098	6.207991622078044	2.491584159140133	0.0035335689045936395	0.0
1948 or any	1.0986122886681098	6.207991622078044	2.491584159140133	0.0035335689045936395	0.0
1951	1.0986122886681098	6.207991622078044	2.491584159140133	0.0035335689045936395	0.0
1996 regarding the	1.0986122886681098	6.207991622078044	2.491584159140133	0.0035335689045936395	0.0
192 through 195	0.6931471805599453	0.16124080958374037	-0.401548016535682	0.0	5.694760820045558E-4
1979 has been	0.6931471805599453	0.16124080958374037	-0.401548016535682	0.0	5.694760820045558E-4
195 shall apply	0.6931471805599453	0.16124080958374037	-0.401548016535682	0.0	5.694760820045558E-4
1948	1.0986122886681098	6.207991622078044	2.491584159140133	0.0035335689045936395	0.0
1948 or	1.0986122886681098	6.207991622078044	2.491584159140133	0.0035335689045936395	0.0
1947	1.0986122886681098	2.185197765274108	1.478241443497681	0.0035335689045936395	5.694760820045558E-4
1979	0.6931471805599453	0.16124080958374037	-0.401548016535682	0.0	5.694760820045558E-4
195 shall	0.6931471805599453	0.16124080958374037	-0.401548016535682	0.0	5.694760820045558E-4
196 provided however	0.6931471805599453	0.3226399312043818	-0.5680140237743975	0.0	0.0011389521640091116
