2 a notary	0.6931471805599453	0.16124080958374037	-0.401548016535682	0.0	5.694760820045558E-4
2 3	0.6931471805599453	0.16124080958374037	-0.401548016535682	0.0	5.694760820045558E-4
2 section	0.6931471805599453	0.16124080958374037	-0.401548016535682	0.0	5.694760820045558E-4
2 or	0.6931471805599453	0.16124080958374037	-0.401548016535682	0.0	5.694760820045558E-4
2 of the	0.9555114450274363	3.7489045778217043	1.9362088156554043	0.01060070671378092	0.0028473804100227792
2 of	0.7221347174331975	3.2152662834631087	-1.793116360826343	0.01060070671378092	0.029043280182232345
2 the	0.6931471805599453	0.3226399312043818	-0.5680140237743975	0.0	0.0011389521640091116
2 3 5	0.6931471805599453	0.16124080958374037	-0.401548016535682	0.0	5.694760820045558E-4
2 may be	0.6931471805599453	0.16124080958374037	-0.401548016535682	0.0	5.694760820045558E-4
2 and 3	0.6931471805599453	0.3226399312043818	-0.5680140237743975	0.0	0.0011389521640091116
2 may	0.6931471805599453	0.16124080958374037	-0.401548016535682	0.0	5.694760820045558E-4
2 shall provide	0.6931471805599453	0.16124080958374037	-0.401548016535682	0.0	5.694760820045558E-4
2 shall	0.6931471805599453	0.16124080958374037	-0.401548016535682	0.0	5.694760820045558E-4
2 section 1	0.6931471805599453	0.16124080958374037	-0.401548016535682	0.0	5.694760820045558E-4
2 or paragraph	0.6931471805599453	0.16124080958374037	-0.401548016535682	0.0	5.694760820045558E-4
2 the family	0.6931471805599453	0.16124080958374037	-0.401548016535682	0.0	5.694760820045558E-4
2 a	0.6931471805599453	0.16124080958374037	-0.401548016535682	0.0	5.694760820045558E-4
2 and paragraph	0.6931471805599453	0.9698242103246322	-0.9847965324495369	0.0	0.003416856492027335
2 are	0.6931471805599453	0.16124080958374037	-0.401548016535682	0.0	5.694760820045558E-4
2 to 4	0.6931471805599453	0.4841975981311339	-0.695843084417122	0.0	0.0017084282460136675
2 of article	0.6931471805599453	7.753319370877588	-2.784478294201193	0.0	0.026765375854214124
2 and	0.6931471805599453	1.2943723089381107	-1.1377048426275203	0.0	0.004555808656036446
2 are not	0.6931471805599453	0.16124080958374037	-0.401548016535682	0.0	5.694760820045558E-4
2 the defendant	0.6931471805599453	0.16124080958374037	-0.401548016535682	0.0	5.694760820045558E-4
2 to	0.6931471805599453	0.4841975981311339	-0.695843084417122	0.0	0.0017084282460136675
