200 days from	0.6931471805599453	0.16124080958374037	-0.401548016535682	0.0	5.694760820045558E-4
20 years of	0.6931471805599453	0.16124080958374037	-0.401548016535682	0.0	5.694760820045558E-4
2004 and	0.6931471805599453	0.16124080958374037	-0.401548016535682	0.0	5.694760820045558E-4
2006 the	0.6931471805599453	0.16124080958374037	-0.401548016535682	0.0	5.694760820045558E-4
200 days	0.6931471805599453	0.16124080958374037	-0.401548016535682	0.0	5.694760820045558E-4
20 shall apply	0.6931471805599453	0.3226399312043818	-0.5680140237743975	0.0	0.0011389521640091116
20 years peacefully	1.0986122886681098	6.207991622078044	2.491584159140133	0.0035335689045936395	0.0
2006 the person	0.6931471805599453	0.16124080958374037	-0.401548016535682	0.0	5.694760820045558E-4
2004 and other	0.6931471805599453	0.16124080958374037	-0.401548016535682	0.0	5.694760820045558E-4
20 shall	0.6931471805599453	0.3226399312043818	-0.5680140237743975	0.0	0.0011389521640091116
20 and articles	0.6931471805599453	0.16124080958374037	-0.401548016535682	0.0	5.694760820045558E-4
20 years	1.0986122886681098	4.374690759570868	2.0915761424272525	0.007067137809187279	0.0011389521640091116
20 years or	1.0986122886681098	6.207991622078044	2.491584159140133	0.0035335689045936395	0.0
2003 vi	1.0986122886681098	6.207991622078044	2.491584159140133	0.0035335689045936395	0.0
200	0.6931471805599453	0.16124080958374037	-0.401548016535682	0.0	5.694760820045558E-4
2003 vi accept	1.0986122886681098	6.207991622078044	2.491584159140133	0.0035335689045936395	0.0
2006	0.6931471805599453	0.16124080958374037	-0.401548016535682	0.0	5.694760820045558E-4
20 and	0.6931471805599453	0.16124080958374037	-0.401548016535682	0.0	5.694760820045558E-4
202	0.6931471805599453	0.16124080958374037	-0.401548016535682	0.0	5.694760820045558E-4
202 the	0.6931471805599453	0.16124080958374037	-0.401548016535682	0.0	5.694760820045558E-4
2004	0.6931471805599453	0.16124080958374037	-0.401548016535682	0.0	5.694760820045558E-4
2003	1.0986122886681098	6.207991622078044	2.491584159140133	0.0035335689045936395	0.0
202 the same	0.6931471805599453	0.16124080958374037	-0.401548016535682	0.0	5.694760820045558E-4
20	0.9555114450274363	3.7489045778217043	1.9362088156554043	0.01060070671378092	0.0028473804100227792
