229 to holders	0.6931471805599453	0.16124080958374037	-0.401548016535682	0.0	5.694760820045558E-4
222	1.0986122886681098	6.207991622078044	2.491584159140133	0.0035335689045936395	0.0
224 of 1947	0.6931471805599453	0.16124080958374037	-0.401548016535682	0.0	5.694760820045558E-4
224	0.6931471805599453	0.16124080958374037	-0.401548016535682	0.0	5.694760820045558E-4
225 or	0.6931471805599453	0.16124080958374037	-0.401548016535682	0.0	5.694760820045558E-4
225	0.6931471805599453	0.16124080958374037	-0.401548016535682	0.0	5.694760820045558E-4
224 of	0.6931471805599453	0.16124080958374037	-0.401548016535682	0.0	5.694760820045558E-4
225 or elevating	0.6931471805599453	0.16124080958374037	-0.401548016535682	0.0	5.694760820045558E-4
229	0.6931471805599453	0.3226399312043818	-0.5680140237743975	0.0	0.0011389521640091116
222 of 1951	1.0986122886681098	6.207991622078044	2.491584159140133	0.0035335689045936395	0.0
222 of	1.0986122886681098	6.207991622078044	2.491584159140133	0.0035335689045936395	0.0
229 to	0.6931471805599453	0.16124080958374037	-0.401548016535682	0.0	5.694760820045558E-4
