271 through the	0.6931471805599453	0.16124080958374037	-0.401548016535682	0.0	5.694760820045558E-4
276	0.6931471805599453	0.16124080958374037	-0.401548016535682	0.0	5.694760820045558E-4
276 shall	0.6931471805599453	0.16124080958374037	-0.401548016535682	0.0	5.694760820045558E-4
27 to 29	0.6931471805599453	0.8077895032735075	-0.8987711072756553	0.0	0.0028473804100227792
276 shall apply	0.6931471805599453	0.16124080958374037	-0.401548016535682	0.0	5.694760820045558E-4
27	0.6931471805599453	0.8077895032735075	-0.8987711072756553	0.0	0.0028473804100227792
271 through	0.6931471805599453	0.16124080958374037	-0.401548016535682	0.0	5.694760820045558E-4
274 through	0.6931471805599453	0.16124080958374037	-0.401548016535682	0.0	5.694760820045558E-4
271	0.6931471805599453	0.16124080958374037	-0.401548016535682	0.0	5.694760820045558E-4
27 to	0.6931471805599453	0.8077895032735075	-0.8987711072756553	0.0	0.0028473804100227792
274	0.6931471805599453	0.16124080958374037	-0.401548016535682	0.0	5.694760820045558E-4
274 through 276	0.6931471805599453	0.16124080958374037	-0.401548016535682	0.0	5.694760820045558E-4
