29	0.6931471805599453	0.8077895032735075	-0.8987711072756553	0.0	0.0028473804100227792
299 shall apply	0.6931471805599453	0.16124080958374037	-0.401548016535682	0.0	5.694760820045558E-4
29 inclusive	0.6931471805599453	0.8077895032735075	-0.8987711072756553	0.0	0.0028473804100227792
296 shall	0.6931471805599453	0.16124080958374037	-0.401548016535682	0.0	5.694760820045558E-4
296 through	0.6931471805599453	0.16124080958374037	-0.401548016535682	0.0	5.694760820045558E-4
296 through 300	0.6931471805599453	0.16124080958374037	-0.401548016535682	0.0	5.694760820045558E-4
296	0.6931471805599453	0.4841975981311339	-0.695843084417122	0.0	0.0017084282460136675
298	0.6931471805599453	0.16124080958374037	-0.401548016535682	0.0	5.694760820045558E-4
299	0.6931471805599453	0.16124080958374037	-0.401548016535682	0.0	5.694760820045558E-4
296 shall apply	0.6931471805599453	0.16124080958374037	-0.401548016535682	0.0	5.694760820045558E-4
29 inclusive shall	0.6931471805599453	0.8077895032735075	-0.8987711072756553	0.0	0.0028473804100227792
296 article	0.6931471805599453	0.16124080958374037	-0.401548016535682	0.0	5.694760820045558E-4
299 shall	0.6931471805599453	0.16124080958374037	-0.401548016535682	0.0	5.694760820045558E-4
296 article 304	0.6931471805599453	0.16124080958374037	-0.401548016535682	0.0	5.694760820045558E-4
