3 million yen	0.9162907318741551	0.9512642445189431	0.9753277626105714	0.0035335689045936395	0.0011389521640091116
3 may not	0.6931471805599453	0.16124080958374037	-0.401548016535682	0.0	5.694760820045558E-4
3 months prior	0.6931471805599453	0.16124080958374037	-0.401548016535682	0.0	5.694760820045558E-4
3 may	0.6931471805599453	0.16124080958374037	-0.401548016535682	0.0	5.694760820045558E-4
3 through 5	0.6931471805599453	0.16124080958374037	-0.401548016535682	0.0	5.694760820045558E-4
3 5	0.6931471805599453	0.16124080958374037	-0.401548016535682	0.0	5.694760820045558E-4
3 5 and	0.6931471805599453	0.16124080958374037	-0.401548016535682	0.0	5.694760820045558E-4
3 of article	0.6931471805599453	2.1085459077549937	-1.4520832991791461	0.0	0.007403189066059226
3 and the	0.6931471805599453	0.16124080958374037	-0.401548016535682	0.0	5.694760820045558E-4
3 months	0.6931471805599453	0.16124080958374037	-0.401548016535682	0.0	5.694760820045558E-4
3 of	0.6931471805599453	2.2718631007621135	-1.5072700822221987	0.0	0.007972665148063782
3 and	0.6931471805599453	0.16124080958374037	-0.401548016535682	0.0	5.694760820045558E-4
3 through	0.6931471805599453	0.16124080958374037	-0.401548016535682	0.0	5.694760820045558E-4
3 years and	0.6931471805599453	0.16124080958374037	-0.401548016535682	0.0	5.694760820045558E-4
3 of this	0.6931471805599453	0.16124080958374037	-0.401548016535682	0.0	5.694760820045558E-4
3 years	0.6931471805599453	0.16124080958374037	-0.401548016535682	0.0	5.694760820045558E-4
3 extent	0.6931471805599453	0.16124080958374037	-0.401548016535682	0.0	5.694760820045558E-4
3 extent of	0.6931471805599453	0.16124080958374037	-0.401548016535682	0.0	5.694760820045558E-4
3 million	0.9162907318741551	0.9512642445189431	0.9753277626105714	0.0035335689045936395	0.0011389521640091116
