304 article 925	0.6931471805599453	0.16124080958374037	-0.401548016535682	0.0	5.694760820045558E-4
300 days	0.6931471805599453	0.16124080958374037	-0.401548016535682	0.0	5.694760820045558E-4
30 years	0.6931471805599453	0.4841975981311339	-0.695843084417122	0.0	0.0017084282460136675
304 and article	0.6931471805599453	0.16124080958374037	-0.401548016535682	0.0	5.694760820045558E-4
300 and	0.6931471805599453	0.16124080958374037	-0.401548016535682	0.0	5.694760820045558E-4
300 and those	0.6931471805599453	0.16124080958374037	-0.401548016535682	0.0	5.694760820045558E-4
300 days of	0.6931471805599453	0.16124080958374037	-0.401548016535682	0.0	5.694760820045558E-4
304 cited in	0.6931471805599453	0.16124080958374037	-0.401548016535682	0.0	5.694760820045558E-4
300	0.6931471805599453	0.3226399312043818	-0.5680140237743975	0.0	0.0011389521640091116
304 article	0.6931471805599453	0.16124080958374037	-0.401548016535682	0.0	5.694760820045558E-4
304 shall apply	0.6931471805599453	0.3226399312043818	-0.5680140237743975	0.0	0.0011389521640091116
30 years old	0.6931471805599453	0.4841975981311339	-0.695843084417122	0.0	0.0017084282460136675
304	0.6931471805599453	0.8077895032735075	-0.8987711072756553	0.0	0.0028473804100227792
306	0.6931471805599453	0.16124080958374037	-0.401548016535682	0.0	5.694760820045558E-4
304 cited	0.6931471805599453	0.16124080958374037	-0.401548016535682	0.0	5.694760820045558E-4
30	0.6931471805599453	0.4841975981311339	-0.695843084417122	0.0	0.0017084282460136675
304 and	0.6931471805599453	0.16124080958374037	-0.401548016535682	0.0	5.694760820045558E-4
304 shall	0.6931471805599453	0.3226399312043818	-0.5680140237743975	0.0	0.0011389521640091116
