"management of business"	0.6931471805599453	0.16124080958374037	-0.401548016535682	0.0	5.694760820045558E-4
"mortgaged building user"	0.6931471805599453	0.16124080958374037	-0.401548016535682	0.0	5.694760820045558E-4
"management	0.6931471805599453	0.16124080958374037	-0.401548016535682	0.0	5.694760820045558E-4
"manager" must	0.6931471805599453	0.16124080958374037	-0.401548016535682	0.0	5.694760820045558E-4
"management of	0.6931471805599453	0.16124080958374037	-0.401548016535682	0.0	5.694760820045558E-4
"manager"	0.6931471805599453	0.16124080958374037	-0.401548016535682	0.0	5.694760820045558E-4
"mortgaged immovable properties"	0.6931471805599453	0.16124080958374037	-0.401548016535682	0.0	5.694760820045558E-4
"mortgaged immovable	0.6931471805599453	0.16124080958374037	-0.401548016535682	0.0	5.694760820045558E-4
"mortgaged building	0.6931471805599453	0.16124080958374037	-0.401548016535682	0.0	5.694760820045558E-4
"manager" must manage	0.6931471805599453	0.16124080958374037	-0.401548016535682	0.0	5.694760820045558E-4
"mortgaged	0.6931471805599453	0.3226399312043818	-0.5680140237743975	0.0	0.0011389521640091116
