398-16 has been	0.6931471805599453	0.16124080958374037	-0.401548016535682	0.0	5.694760820045558E-4
392 of the	1.0986122886681098	6.207991622078044	2.491584159140133	0.0035335689045936395	0.0
398-16	0.6931471805599453	0.4841975981311339	-0.695843084417122	0.0	0.0017084282460136675
398-16 has	0.6931471805599453	0.16124080958374037	-0.401548016535682	0.0	5.694760820045558E-4
392 of	1.0986122886681098	6.207991622078044	2.491584159140133	0.0035335689045936395	0.0
393 shall apply	0.6931471805599453	0.16124080958374037	-0.401548016535682	0.0	5.694760820045558E-4
392	1.0986122886681098	2.185197765274108	1.478241443497681	0.0035335689045936395	5.694760820045558E-4
393	0.6931471805599453	0.16124080958374037	-0.401548016535682	0.0	5.694760820045558E-4
398-4	0.6931471805599453	0.3226399312043818	-0.5680140237743975	0.0	0.0011389521640091116
392 and	0.6931471805599453	0.16124080958374037	-0.401548016535682	0.0	5.694760820045558E-4
398-16 shall be	0.6931471805599453	0.16124080958374037	-0.401548016535682	0.0	5.694760820045558E-4
398-4 shall apply	0.6931471805599453	0.3226399312043818	-0.5680140237743975	0.0	0.0011389521640091116
398-12	0.6931471805599453	0.16124080958374037	-0.401548016535682	0.0	5.694760820045558E-4
393 shall	0.6931471805599453	0.16124080958374037	-0.401548016535682	0.0	5.694760820045558E-4
398-4 shall	0.6931471805599453	0.3226399312043818	-0.5680140237743975	0.0	0.0011389521640091116
398-16 shall	0.6931471805599453	0.16124080958374037	-0.401548016535682	0.0	5.694760820045558E-4
392 and 393	0.6931471805599453	0.16124080958374037	-0.401548016535682	0.0	5.694760820045558E-4
