423 the	0.6931471805599453	0.16124080958374037	-0.401548016535682	0.0	5.694760820045558E-4
424 shall be	0.6931471805599453	0.16124080958374037	-0.401548016535682	0.0	5.694760820045558E-4
423	0.6931471805599453	0.16124080958374037	-0.401548016535682	0.0	5.694760820045558E-4
424	0.6931471805599453	0.3226399312043818	-0.5680140237743975	0.0	0.0011389521640091116
424 shall	0.6931471805599453	0.16124080958374037	-0.401548016535682	0.0	5.694760820045558E-4
427 shall apply	0.6931471805599453	0.16124080958374037	-0.401548016535682	0.0	5.694760820045558E-4
427	0.6931471805599453	0.16124080958374037	-0.401548016535682	0.0	5.694760820045558E-4
42 years	0.6931471805599453	0.4841975981311339	-0.695843084417122	0.0	0.0017084282460136675
42 years old	0.6931471805599453	0.4841975981311339	-0.695843084417122	0.0	0.0017084282460136675
427 shall	0.6931471805599453	0.16124080958374037	-0.401548016535682	0.0	5.694760820045558E-4
42	0.6931471805599453	0.4841975981311339	-0.695843084417122	0.0	0.0017084282460136675
423 the buyer	0.6931471805599453	0.16124080958374037	-0.401548016535682	0.0	5.694760820045558E-4
