444 inclusive	0.6931471805599453	0.16124080958374037	-0.401548016535682	0.0	5.694760820045558E-4
442 shall	0.6931471805599453	0.16124080958374037	-0.401548016535682	0.0	5.694760820045558E-4
442 to 444	0.6931471805599453	0.16124080958374037	-0.401548016535682	0.0	5.694760820045558E-4
440 inclusive	0.6931471805599453	0.3226399312043818	-0.5680140237743975	0.0	0.0011389521640091116
446 shall apply	0.6931471805599453	0.3226399312043818	-0.5680140237743975	0.0	0.0011389521640091116
440	0.6931471805599453	0.3226399312043818	-0.5680140237743975	0.0	0.0011389521640091116
442	0.6931471805599453	0.3226399312043818	-0.5680140237743975	0.0	0.0011389521640091116
443	0.6931471805599453	0.3226399312043818	-0.5680140237743975	0.0	0.0011389521640091116
444	0.6931471805599453	0.16124080958374037	-0.401548016535682	0.0	5.694760820045558E-4
444 inclusive shall	0.6931471805599453	0.16124080958374037	-0.401548016535682	0.0	5.694760820045558E-4
446 shall	0.6931471805599453	0.3226399312043818	-0.5680140237743975	0.0	0.0011389521640091116
446	0.6931471805599453	0.3226399312043818	-0.5680140237743975	0.0	0.0011389521640091116
440 inclusive shall	0.6931471805599453	0.3226399312043818	-0.5680140237743975	0.0	0.0011389521640091116
442 to	0.6931471805599453	0.16124080958374037	-0.401548016535682	0.0	5.694760820045558E-4
443 shall apply	0.6931471805599453	0.3226399312043818	-0.5680140237743975	0.0	0.0011389521640091116
442 shall apply	0.6931471805599453	0.16124080958374037	-0.401548016535682	0.0	5.694760820045558E-4
443 shall	0.6931471805599453	0.3226399312043818	-0.5680140237743975	0.0	0.0011389521640091116
