467 or	0.6931471805599453	0.16124080958374037	-0.401548016535682	0.0	5.694760820045558E-4
462 shall	0.6931471805599453	0.16124080958374037	-0.401548016535682	0.0	5.694760820045558E-4
468 shall	0.6931471805599453	0.16124080958374037	-0.401548016535682	0.0	5.694760820045558E-4
465-2 is not	0.6931471805599453	0.16124080958374037	-0.401548016535682	0.0	5.694760820045558E-4
462 shall apply	0.6931471805599453	0.16124080958374037	-0.401548016535682	0.0	5.694760820045558E-4
467 or unless	0.6931471805599453	0.16124080958374037	-0.401548016535682	0.0	5.694760820045558E-4
465-2	0.6931471805599453	0.16124080958374037	-0.401548016535682	0.0	5.694760820045558E-4
465-3	0.6931471805599453	0.16124080958374037	-0.401548016535682	0.0	5.694760820045558E-4
467 mortgagees cannot	0.6931471805599453	0.16124080958374037	-0.401548016535682	0.0	5.694760820045558E-4
468 shall apply	0.6931471805599453	0.16124080958374037	-0.401548016535682	0.0	5.694760820045558E-4
467 mortgagees	0.6931471805599453	0.16124080958374037	-0.401548016535682	0.0	5.694760820045558E-4
462	0.6931471805599453	0.16124080958374037	-0.401548016535682	0.0	5.694760820045558E-4
467 shall apply	0.6931471805599453	0.16124080958374037	-0.401548016535682	0.0	5.694760820045558E-4
467	0.6931471805599453	0.4841975981311339	-0.695843084417122	0.0	0.0017084282460136675
465-3 be applied	0.6931471805599453	0.16124080958374037	-0.401548016535682	0.0	5.694760820045558E-4
468	0.6931471805599453	0.16124080958374037	-0.401548016535682	0.0	5.694760820045558E-4
465-3 be	0.6931471805599453	0.16124080958374037	-0.401548016535682	0.0	5.694760820045558E-4
467 shall	0.6931471805599453	0.16124080958374037	-0.401548016535682	0.0	5.694760820045558E-4
465-2 is	0.6931471805599453	0.16124080958374037	-0.401548016535682	0.0	5.694760820045558E-4
