5 of article	0.6931471805599453	0.16124080958374037	-0.401548016535682	0.0	5.694760820045558E-4
5 article	0.6931471805599453	0.16124080958374037	-0.401548016535682	0.0	5.694760820045558E-4
5 article 9	0.6931471805599453	0.16124080958374037	-0.401548016535682	0.0	5.694760820045558E-4
5 million	0.6931471805599453	0.16124080958374037	-0.401548016535682	0.0	5.694760820045558E-4
5 years iii	0.6931471805599453	0.16124080958374037	-0.401548016535682	0.0	5.694760820045558E-4
5 million yen	0.6931471805599453	0.16124080958374037	-0.401548016535682	0.0	5.694760820045558E-4
5 and 6	0.6931471805599453	0.16124080958374037	-0.401548016535682	0.0	5.694760820045558E-4
5 of the	0.6931471805599453	0.16124080958374037	-0.401548016535682	0.0	5.694760820045558E-4
5 loans	0.6931471805599453	0.16124080958374037	-0.401548016535682	0.0	5.694760820045558E-4
5 and	0.6931471805599453	0.16124080958374037	-0.401548016535682	0.0	5.694760820045558E-4
5 years	0.6931471805599453	0.16124080958374037	-0.401548016535682	0.0	5.694760820045558E-4
5 of	0.6931471805599453	0.3226399312043818	-0.5680140237743975	0.0	0.0011389521640091116
5 loans for	0.6931471805599453	0.16124080958374037	-0.401548016535682	0.0	5.694760820045558E-4
