50 centimeters or	0.6931471805599453	0.4841975981311339	-0.695843084417122	0.0	0.0017084282460136675
500 000	0.6931471805599453	0.3226399312043818	-0.5680140237743975	0.0	0.0011389521640091116
500 if	0.6931471805599453	0.16124080958374037	-0.401548016535682	0.0	5.694760820045558E-4
500	0.6931471805599453	0.4841975981311339	-0.695843084417122	0.0	0.0017084282460136675
500 000 yen	0.6931471805599453	0.3226399312043818	-0.5680140237743975	0.0	0.0011389521640091116
50 centimeters	0.6931471805599453	0.4841975981311339	-0.695843084417122	0.0	0.0017084282460136675
50 000 yen	0.6931471805599453	0.16124080958374037	-0.401548016535682	0.0	5.694760820045558E-4
500 if the	0.6931471805599453	0.16124080958374037	-0.401548016535682	0.0	5.694760820045558E-4
50	0.6931471805599453	0.6459140440917206	-0.8036877777419043	0.0	0.002277904328018223
50 000	0.6931471805599453	0.16124080958374037	-0.401548016535682	0.0	5.694760820045558E-4
