560 through	0.6931471805599453	0.16124080958374037	-0.401548016535682	0.0	5.694760820045558E-4
560 through to	0.6931471805599453	0.16124080958374037	-0.401548016535682	0.0	5.694760820045558E-4
561 through	0.6931471805599453	0.16124080958374037	-0.401548016535682	0.0	5.694760820045558E-4
560	0.6931471805599453	0.16124080958374037	-0.401548016535682	0.0	5.694760820045558E-4
561	0.6931471805599453	0.16124080958374037	-0.401548016535682	0.0	5.694760820045558E-4
563	0.6931471805599453	0.16124080958374037	-0.401548016535682	0.0	5.694760820045558E-4
561 through to	0.6931471805599453	0.16124080958374037	-0.401548016535682	0.0	5.694760820045558E-4
563 through	0.6931471805599453	0.16124080958374037	-0.401548016535682	0.0	5.694760820045558E-4
566 and	0.6931471805599453	0.16124080958374037	-0.401548016535682	0.0	5.694760820045558E-4
566	0.6931471805599453	0.3226399312043818	-0.5680140237743975	0.0	0.0011389521640091116
566 and in	0.6931471805599453	0.16124080958374037	-0.401548016535682	0.0	5.694760820045558E-4
566 shall	0.6931471805599453	0.16124080958374037	-0.401548016535682	0.0	5.694760820045558E-4
566 shall apply	0.6931471805599453	0.16124080958374037	-0.401548016535682	0.0	5.694760820045558E-4
563 through to	0.6931471805599453	0.16124080958374037	-0.401548016535682	0.0	5.694760820045558E-4
