594	0.6931471805599453	0.16124080958374037	-0.401548016535682	0.0	5.694760820045558E-4
591 which	0.6931471805599453	0.16124080958374037	-0.401548016535682	0.0	5.694760820045558E-4
597	0.6931471805599453	0.16124080958374037	-0.401548016535682	0.0	5.694760820045558E-4
598	0.6931471805599453	0.16124080958374037	-0.401548016535682	0.0	5.694760820045558E-4
597 and article	0.6931471805599453	0.16124080958374037	-0.401548016535682	0.0	5.694760820045558E-4
594 paragraph 1	0.6931471805599453	0.16124080958374037	-0.401548016535682	0.0	5.694760820045558E-4
598 shall	0.6931471805599453	0.16124080958374037	-0.401548016535682	0.0	5.694760820045558E-4
591	0.6931471805599453	0.16124080958374037	-0.401548016535682	0.0	5.694760820045558E-4
591 which shall	0.6931471805599453	0.16124080958374037	-0.401548016535682	0.0	5.694760820045558E-4
598 shall apply	0.6931471805599453	0.16124080958374037	-0.401548016535682	0.0	5.694760820045558E-4
594 paragraph	0.6931471805599453	0.16124080958374037	-0.401548016535682	0.0	5.694760820045558E-4
597 and	0.6931471805599453	0.16124080958374037	-0.401548016535682	0.0	5.694760820045558E-4
