624 shall apply	0.6931471805599453	0.16124080958374037	-0.401548016535682	0.0	5.694760820045558E-4
620	0.6931471805599453	0.4841975981311339	-0.695843084417122	0.0	0.0017084282460136675
620 shall	0.6931471805599453	0.4841975981311339	-0.695843084417122	0.0	0.0017084282460136675
624 1 shall	0.6931471805599453	0.16124080958374037	-0.401548016535682	0.0	5.694760820045558E-4
620 shall apply	0.6931471805599453	0.4841975981311339	-0.695843084417122	0.0	0.0017084282460136675
624	0.6931471805599453	0.3226399312043818	-0.5680140237743975	0.0	0.0011389521640091116
624 1	0.6931471805599453	0.16124080958374037	-0.401548016535682	0.0	5.694760820045558E-4
624 shall	0.6931471805599453	0.16124080958374037	-0.401548016535682	0.0	5.694760820045558E-4
627 even	0.6931471805599453	0.16124080958374037	-0.401548016535682	0.0	5.694760820045558E-4
627	0.6931471805599453	0.3226399312043818	-0.5680140237743975	0.0	0.0011389521640091116
627 even if	0.6931471805599453	0.16124080958374037	-0.401548016535682	0.0	5.694760820045558E-4
