634 or	0.6931471805599453	0.16124080958374037	-0.401548016535682	0.0	5.694760820045558E-4
63 or paragraph	0.6931471805599453	0.16124080958374037	-0.401548016535682	0.0	5.694760820045558E-4
634 within one	0.6931471805599453	0.16124080958374037	-0.401548016535682	0.0	5.694760820045558E-4
634 within	0.6931471805599453	0.16124080958374037	-0.401548016535682	0.0	5.694760820045558E-4
637 and paragraph	0.6931471805599453	0.16124080958374037	-0.401548016535682	0.0	5.694760820045558E-4
635 the contractor	0.6931471805599453	0.16124080958374037	-0.401548016535682	0.0	5.694760820045558E-4
63 or	0.6931471805599453	0.16124080958374037	-0.401548016535682	0.0	5.694760820045558E-4
634	0.6931471805599453	0.3226399312043818	-0.5680140237743975	0.0	0.0011389521640091116
635	0.6931471805599453	0.16124080958374037	-0.401548016535682	0.0	5.694760820045558E-4
637	0.6931471805599453	0.16124080958374037	-0.401548016535682	0.0	5.694760820045558E-4
635 the	0.6931471805599453	0.16124080958374037	-0.401548016535682	0.0	5.694760820045558E-4
634 or article	0.6931471805599453	0.16124080958374037	-0.401548016535682	0.0	5.694760820045558E-4
63	0.6931471805599453	0.16124080958374037	-0.401548016535682	0.0	5.694760820045558E-4
637 and	0.6931471805599453	0.16124080958374037	-0.401548016535682	0.0	5.694760820045558E-4
