644 article	0.6931471805599453	0.8077895032735075	-0.8987711072756553	0.0	0.0028473804100227792
647 shall	0.6931471805599453	0.16124080958374037	-0.401548016535682	0.0	5.694760820045558E-4
646 paragraph 1	0.6931471805599453	0.16124080958374037	-0.401548016535682	0.0	5.694760820045558E-4
645 through to	0.6931471805599453	0.16124080958374037	-0.401548016535682	0.0	5.694760820045558E-4
646 paragraph	0.6931471805599453	0.16124080958374037	-0.401548016535682	0.0	5.694760820045558E-4
647 inclusive	0.6931471805599453	0.3226399312043818	-0.5680140237743975	0.0	0.0011389521640091116
646 paragraphs	0.6931471805599453	0.16124080958374037	-0.401548016535682	0.0	5.694760820045558E-4
644 and	0.6931471805599453	0.16124080958374037	-0.401548016535682	0.0	5.694760820045558E-4
644 and article	0.6931471805599453	0.16124080958374037	-0.401548016535682	0.0	5.694760820045558E-4
644 article 654	0.6931471805599453	0.4841975981311339	-0.695843084417122	0.0	0.0017084282460136675
647 inclusive and	0.6931471805599453	0.3226399312043818	-0.5680140237743975	0.0	0.0011389521640091116
645 article	0.6931471805599453	0.3226399312043818	-0.5680140237743975	0.0	0.0011389521640091116
645 to	0.6931471805599453	0.16124080958374037	-0.401548016535682	0.0	5.694760820045558E-4
646 to article	0.6931471805599453	0.3226399312043818	-0.5680140237743975	0.0	0.0011389521640091116
645 through	0.6931471805599453	0.16124080958374037	-0.401548016535682	0.0	5.694760820045558E-4
647 shall apply	0.6931471805599453	0.16124080958374037	-0.401548016535682	0.0	5.694760820045558E-4
648 shall apply	0.6931471805599453	0.16124080958374037	-0.401548016535682	0.0	5.694760820045558E-4
648 shall	0.6931471805599453	0.16124080958374037	-0.401548016535682	0.0	5.694760820045558E-4
645 article 646	0.6931471805599453	0.3226399312043818	-0.5680140237743975	0.0	0.0011389521640091116
644	0.6931471805599453	1.132018400355138	-1.0639635333765616	0.0	0.003986332574031891
645	0.6931471805599453	0.6459140440917206	-0.8036877777419043	0.0	0.002277904328018223
644 to 647	0.6931471805599453	0.16124080958374037	-0.401548016535682	0.0	5.694760820045558E-4
646	0.6931471805599453	0.6459140440917206	-0.8036877777419043	0.0	0.002277904328018223
646 to	0.6931471805599453	0.3226399312043818	-0.5680140237743975	0.0	0.0011389521640091116
647	0.6931471805599453	0.4841975981311339	-0.695843084417122	0.0	0.0017084282460136675
645 to 647	0.6931471805599453	0.16124080958374037	-0.401548016535682	0.0	5.694760820045558E-4
648	0.6931471805599453	0.16124080958374037	-0.401548016535682	0.0	5.694760820045558E-4
644 article 859-2	0.6931471805599453	0.3226399312043818	-0.5680140237743975	0.0	0.0011389521640091116
646 paragraphs 1	0.6931471805599453	0.16124080958374037	-0.401548016535682	0.0	5.694760820045558E-4
644 to	0.6931471805599453	0.16124080958374037	-0.401548016535682	0.0	5.694760820045558E-4
