654 and	0.6931471805599453	0.4841975981311339	-0.695843084417122	0.0	0.0017084282460136675
650 paragraphs	0.6931471805599453	0.16124080958374037	-0.401548016535682	0.0	5.694760820045558E-4
650 shall	0.6931471805599453	0.6459140440917206	-0.8036877777419043	0.0	0.002277904328018223
655 paragraph	0.6931471805599453	0.3226399312043818	-0.5680140237743975	0.0	0.0011389521640091116
655 article 870	0.6931471805599453	0.3226399312043818	-0.5680140237743975	0.0	0.0011389521640091116
650 paragraph 2	0.6931471805599453	0.16124080958374037	-0.401548016535682	0.0	5.694760820045558E-4
650 paragraphs 2	0.6931471805599453	0.16124080958374037	-0.401548016535682	0.0	5.694760820045558E-4
654 article 655	0.6931471805599453	0.8077895032735075	-0.8987711072756553	0.0	0.0028473804100227792
655 article 844	0.6931471805599453	0.16124080958374037	-0.401548016535682	0.0	5.694760820045558E-4
650	0.6931471805599453	1.132018400355138	-1.0639635333765616	0.0	0.003986332574031891
655 paragraph 4	0.6931471805599453	0.3226399312043818	-0.5680140237743975	0.0	0.0011389521640091116
650 excluding	0.6931471805599453	0.16124080958374037	-0.401548016535682	0.0	5.694760820045558E-4
650 excluding paragraph	0.6931471805599453	0.16124080958374037	-0.401548016535682	0.0	5.694760820045558E-4
650 shall apply	0.6931471805599453	0.6459140440917206	-0.8036877777419043	0.0	0.002277904328018223
654	0.6931471805599453	1.2943723089381107	-1.1377048426275203	0.0	0.004555808656036446
650 paragraph	0.6931471805599453	0.16124080958374037	-0.401548016535682	0.0	5.694760820045558E-4
655	0.6931471805599453	1.2943723089381107	-1.1377048426275203	0.0	0.004555808656036446
654 and article	0.6931471805599453	0.4841975981311339	-0.695843084417122	0.0	0.0017084282460136675
655 article	0.6931471805599453	0.4841975981311339	-0.695843084417122	0.0	0.0017084282460136675
655 shall	0.6931471805599453	0.4841975981311339	-0.695843084417122	0.0	0.0017084282460136675
654 article	0.6931471805599453	0.8077895032735075	-0.8987711072756553	0.0	0.0028473804100227792
655 shall apply	0.6931471805599453	0.4841975981311339	-0.695843084417122	0.0	0.0017084282460136675
