714 paragraph	0.6931471805599453	0.3226399312043818	-0.5680140237743975	0.0	0.0011389521640091116
715 paragraph	0.6931471805599453	0.3226399312043818	-0.5680140237743975	0.0	0.0011389521640091116
715 paragraph 2	0.6931471805599453	0.16124080958374037	-0.401548016535682	0.0	5.694760820045558E-4
714 paragraph 1	0.6931471805599453	0.3226399312043818	-0.5680140237743975	0.0	0.0011389521640091116
715 paragraph 1	0.6931471805599453	0.16124080958374037	-0.401548016535682	0.0	5.694760820045558E-4
717 paragraph 1	0.6931471805599453	0.16124080958374037	-0.401548016535682	0.0	5.694760820045558E-4
714	0.6931471805599453	0.3226399312043818	-0.5680140237743975	0.0	0.0011389521640091116
715	0.6931471805599453	0.3226399312043818	-0.5680140237743975	0.0	0.0011389521640091116
717 paragraph	0.6931471805599453	0.16124080958374037	-0.401548016535682	0.0	5.694760820045558E-4
717	0.6931471805599453	0.16124080958374037	-0.401548016535682	0.0	5.694760820045558E-4
