728 or article	0.6931471805599453	0.16124080958374037	-0.401548016535682	0.0	5.694760820045558E-4
728 or	0.6931471805599453	0.16124080958374037	-0.401548016535682	0.0	5.694760820045558E-4
728 articles	0.6931471805599453	0.16124080958374037	-0.401548016535682	0.0	5.694760820045558E-4
724 shall	0.6931471805599453	0.16124080958374037	-0.401548016535682	0.0	5.694760820045558E-4
724	0.6931471805599453	0.16124080958374037	-0.401548016535682	0.0	5.694760820045558E-4
729 an adopted	0.6931471805599453	0.16124080958374037	-0.401548016535682	0.0	5.694760820045558E-4
729 an	0.6931471805599453	0.16124080958374037	-0.401548016535682	0.0	5.694760820045558E-4
724 shall apply	0.6931471805599453	0.16124080958374037	-0.401548016535682	0.0	5.694760820045558E-4
728	0.6931471805599453	0.4841975981311339	-0.695843084417122	0.0	0.0017084282460136675
728 articles 766	0.6931471805599453	0.16124080958374037	-0.401548016535682	0.0	5.694760820045558E-4
729	0.6931471805599453	0.16124080958374037	-0.401548016535682	0.0	5.694760820045558E-4
