733 may	0.6931471805599453	0.16124080958374037	-0.401548016535682	0.0	5.694760820045558E-4
736 inclusive provided	0.6931471805599453	0.16124080958374037	-0.401548016535682	0.0	5.694760820045558E-4
738 739 and	0.6931471805599453	0.16124080958374037	-0.401548016535682	0.0	5.694760820045558E-4
731 may not	0.6931471805599453	0.16124080958374037	-0.401548016535682	0.0	5.694760820045558E-4
73 of	0.6931471805599453	0.16124080958374037	-0.401548016535682	0.0	5.694760820045558E-4
733 if	0.6931471805599453	0.3226399312043818	-0.5680140237743975	0.0	0.0011389521640091116
739 and 747	0.6931471805599453	0.16124080958374037	-0.401548016535682	0.0	5.694760820045558E-4
731 to 736	0.6931471805599453	0.16124080958374037	-0.401548016535682	0.0	5.694760820045558E-4
738 and article	0.6931471805599453	0.16124080958374037	-0.401548016535682	0.0	5.694760820045558E-4
738 article	0.6931471805599453	0.16124080958374037	-0.401548016535682	0.0	5.694760820045558E-4
731 to 737	0.6931471805599453	0.16124080958374037	-0.401548016535682	0.0	5.694760820045558E-4
739 applied mutatis	0.6931471805599453	0.6459140440917206	-0.8036877777419043	0.0	0.002277904328018223
739 shall apply	0.6931471805599453	0.16124080958374037	-0.401548016535682	0.0	5.694760820045558E-4
739 and article	0.6931471805599453	0.16124080958374037	-0.401548016535682	0.0	5.694760820045558E-4
737 inclusive	0.6931471805599453	0.16124080958374037	-0.401548016535682	0.0	5.694760820045558E-4
731	0.6931471805599453	0.4841975981311339	-0.695843084417122	0.0	0.0017084282460136675
732	0.6931471805599453	0.16124080958374037	-0.401548016535682	0.0	5.694760820045558E-4
733	0.6931471805599453	0.4841975981311339	-0.695843084417122	0.0	0.0017084282460136675
731 may	0.6931471805599453	0.16124080958374037	-0.401548016535682	0.0	5.694760820045558E-4
732 or article	0.6931471805599453	0.16124080958374037	-0.401548016535682	0.0	5.694760820045558E-4
736	0.6931471805599453	0.16124080958374037	-0.401548016535682	0.0	5.694760820045558E-4
739 shall	0.6931471805599453	0.16124080958374037	-0.401548016535682	0.0	5.694760820045558E-4
737	0.6931471805599453	0.16124080958374037	-0.401548016535682	0.0	5.694760820045558E-4
73	0.6931471805599453	0.16124080958374037	-0.401548016535682	0.0	5.694760820045558E-4
738	0.6931471805599453	0.4841975981311339	-0.695843084417122	0.0	0.0017084282460136675
739	0.6931471805599453	1.2943723089381107	-1.1377048426275203	0.0	0.004555808656036446
73 of 2006	0.6931471805599453	0.16124080958374037	-0.401548016535682	0.0	5.694760820045558E-4
739 applied	0.6931471805599453	0.6459140440917206	-0.8036877777419043	0.0	0.002277904328018223
736 inclusive	0.6931471805599453	0.16124080958374037	-0.401548016535682	0.0	5.694760820045558E-4
739 and	0.6931471805599453	0.3226399312043818	-0.5680140237743975	0.0	0.0011389521640091116
731 to	0.6931471805599453	0.3226399312043818	-0.5680140237743975	0.0	0.0011389521640091116
733 may claim	0.6931471805599453	0.16124080958374037	-0.401548016535682	0.0	5.694760820045558E-4
732 or	0.6931471805599453	0.16124080958374037	-0.401548016535682	0.0	5.694760820045558E-4
733 if six	0.6931471805599453	0.16124080958374037	-0.401548016535682	0.0	5.694760820045558E-4
733 if the	0.6931471805599453	0.16124080958374037	-0.401548016535682	0.0	5.694760820045558E-4
738 and	0.6931471805599453	0.16124080958374037	-0.401548016535682	0.0	5.694760820045558E-4
738 article 739	0.6931471805599453	0.16124080958374037	-0.401548016535682	0.0	5.694760820045558E-4
737 inclusive the	0.6931471805599453	0.16124080958374037	-0.401548016535682	0.0	5.694760820045558E-4
738 739	0.6931471805599453	0.16124080958374037	-0.401548016535682	0.0	5.694760820045558E-4
