748 shall apply	0.6931471805599453	0.16124080958374037	-0.401548016535682	0.0	5.694760820045558E-4
747 shall apply	0.6931471805599453	0.3226399312043818	-0.5680140237743975	0.0	0.0011389521640091116
748 shall	0.6931471805599453	0.16124080958374037	-0.401548016535682	0.0	5.694760820045558E-4
744 to	0.6931471805599453	0.16124080958374037	-0.401548016535682	0.0	5.694760820045558E-4
744 to 747	0.6931471805599453	0.16124080958374037	-0.401548016535682	0.0	5.694760820045558E-4
747 shall	0.6931471805599453	0.4841975981311339	-0.695843084417122	0.0	0.0017084282460136675
747 shall be	0.6931471805599453	0.3226399312043818	-0.5680140237743975	0.0	0.0011389521640091116
744	0.6931471805599453	0.16124080958374037	-0.401548016535682	0.0	5.694760820045558E-4
747 and	0.6931471805599453	0.16124080958374037	-0.401548016535682	0.0	5.694760820045558E-4
747	0.6931471805599453	0.6459140440917206	-0.8036877777419043	0.0	0.002277904328018223
748	0.6931471805599453	0.16124080958374037	-0.401548016535682	0.0	5.694760820045558E-4
747 inclusive	0.6931471805599453	0.16124080958374037	-0.401548016535682	0.0	5.694760820045558E-4
747 and article	0.6931471805599453	0.16124080958374037	-0.401548016535682	0.0	5.694760820045558E-4
