769 inclusive	0.6931471805599453	0.3226399312043818	-0.5680140237743975	0.0	0.0011389521640091116
769 shall apply	0.6931471805599453	0.3226399312043818	-0.5680140237743975	0.0	0.0011389521640091116
766 to 769	0.6931471805599453	0.3226399312043818	-0.5680140237743975	0.0	0.0011389521640091116
766 shall	0.6931471805599453	0.16124080958374037	-0.401548016535682	0.0	5.694760820045558E-4
766 to	0.6931471805599453	0.3226399312043818	-0.5680140237743975	0.0	0.0011389521640091116
769 shall	0.6931471805599453	0.3226399312043818	-0.5680140237743975	0.0	0.0011389521640091116
766	0.6931471805599453	0.6459140440917206	-0.8036877777419043	0.0	0.002277904328018223
766 a	0.6931471805599453	0.16124080958374037	-0.401548016535682	0.0	5.694760820045558E-4
769 inclusive the	0.6931471805599453	0.16124080958374037	-0.401548016535682	0.0	5.694760820045558E-4
766 shall apply	0.6931471805599453	0.16124080958374037	-0.401548016535682	0.0	5.694760820045558E-4
769	0.6931471805599453	0.8077895032735075	-0.8987711072756553	0.0	0.0028473804100227792
769 and article	0.6931471805599453	0.16124080958374037	-0.401548016535682	0.0	5.694760820045558E-4
769 and	0.6931471805599453	0.16124080958374037	-0.401548016535682	0.0	5.694760820045558E-4
769 inclusive shall	0.6931471805599453	0.16124080958374037	-0.401548016535682	0.0	5.694760820045558E-4
766 a legal	0.6931471805599453	0.16124080958374037	-0.401548016535682	0.0	5.694760820045558E-4
