770	0.6931471805599453	0.16124080958374037	-0.401548016535682	0.0	5.694760820045558E-4
772 a husband	0.6931471805599453	0.16124080958374037	-0.401548016535682	0.0	5.694760820045558E-4
772	0.6931471805599453	0.16124080958374037	-0.401548016535682	0.0	5.694760820045558E-4
770 shall	0.6931471805599453	0.16124080958374037	-0.401548016535682	0.0	5.694760820045558E-4
772 a	0.6931471805599453	0.16124080958374037	-0.401548016535682	0.0	5.694760820045558E-4
774	0.6931471805599453	0.16124080958374037	-0.401548016535682	0.0	5.694760820045558E-4
777	0.6931471805599453	0.16124080958374037	-0.401548016535682	0.0	5.694760820045558E-4
777 shall	0.6931471805599453	0.16124080958374037	-0.401548016535682	0.0	5.694760820045558E-4
774 shall	0.6931471805599453	0.16124080958374037	-0.401548016535682	0.0	5.694760820045558E-4
777 shall begin	0.6931471805599453	0.16124080958374037	-0.401548016535682	0.0	5.694760820045558E-4
770 shall apply	0.6931471805599453	0.16124080958374037	-0.401548016535682	0.0	5.694760820045558E-4
774 shall be	0.6931471805599453	0.16124080958374037	-0.401548016535682	0.0	5.694760820045558E-4
