797 provided	0.6931471805599453	0.16124080958374037	-0.401548016535682	0.0	5.694760820045558E-4
794 provided	0.6931471805599453	0.16124080958374037	-0.401548016535682	0.0	5.694760820045558E-4
790 and paragraphs	0.6931471805599453	0.16124080958374037	-0.401548016535682	0.0	5.694760820045558E-4
799 inclusive or	0.6931471805599453	0.16124080958374037	-0.401548016535682	0.0	5.694760820045558E-4
792 provided that	0.6931471805599453	0.16124080958374037	-0.401548016535682	0.0	5.694760820045558E-4
790	0.6931471805599453	0.16124080958374037	-0.401548016535682	0.0	5.694760820045558E-4
792	0.6931471805599453	0.3226399312043818	-0.5680140237743975	0.0	0.0011389521640091116
798 provided however	0.6931471805599453	0.16124080958374037	-0.401548016535682	0.0	5.694760820045558E-4
793	0.6931471805599453	0.16124080958374037	-0.401548016535682	0.0	5.694760820045558E-4
794	0.6931471805599453	0.3226399312043818	-0.5680140237743975	0.0	0.0011389521640091116
792 provided	0.6931471805599453	0.16124080958374037	-0.401548016535682	0.0	5.694760820045558E-4
796	0.6931471805599453	0.3226399312043818	-0.5680140237743975	0.0	0.0011389521640091116
797	0.6931471805599453	0.3226399312043818	-0.5680140237743975	0.0	0.0011389521640091116
798	0.6931471805599453	0.3226399312043818	-0.5680140237743975	0.0	0.0011389521640091116
799	0.6931471805599453	0.4841975981311339	-0.695843084417122	0.0	0.0017084282460136675
794 and article	0.6931471805599453	0.16124080958374037	-0.401548016535682	0.0	5.694760820045558E-4
797 made due	0.6931471805599453	0.16124080958374037	-0.401548016535682	0.0	5.694760820045558E-4
794 provided however	0.6931471805599453	0.16124080958374037	-0.401548016535682	0.0	5.694760820045558E-4
792 to	0.6931471805599453	0.16124080958374037	-0.401548016535682	0.0	5.694760820045558E-4
796 provided that	0.6931471805599453	0.16124080958374037	-0.401548016535682	0.0	5.694760820045558E-4
799 and	0.6931471805599453	0.16124080958374037	-0.401548016535682	0.0	5.694760820045558E-4
792 to 799	0.6931471805599453	0.16124080958374037	-0.401548016535682	0.0	5.694760820045558E-4
798 is	0.6931471805599453	0.16124080958374037	-0.401548016535682	0.0	5.694760820045558E-4
796 provided	0.6931471805599453	0.16124080958374037	-0.401548016535682	0.0	5.694760820045558E-4
790 and	0.6931471805599453	0.16124080958374037	-0.401548016535682	0.0	5.694760820045558E-4
794 and	0.6931471805599453	0.16124080958374037	-0.401548016535682	0.0	5.694760820045558E-4
796 by fraud	0.6931471805599453	0.16124080958374037	-0.401548016535682	0.0	5.694760820045558E-4
797 made	0.6931471805599453	0.16124080958374037	-0.401548016535682	0.0	5.694760820045558E-4
796 by	0.6931471805599453	0.16124080958374037	-0.401548016535682	0.0	5.694760820045558E-4
798 provided	0.6931471805599453	0.16124080958374037	-0.401548016535682	0.0	5.694760820045558E-4
799 inclusive	0.6931471805599453	0.16124080958374037	-0.401548016535682	0.0	5.694760820045558E-4
798 is not	0.6931471805599453	0.16124080958374037	-0.401548016535682	0.0	5.694760820045558E-4
797 provided that	0.6931471805599453	0.16124080958374037	-0.401548016535682	0.0	5.694760820045558E-4
799 and the	0.6931471805599453	0.16124080958374037	-0.401548016535682	0.0	5.694760820045558E-4
