817-2 shall be	0.6931471805599453	0.16124080958374037	-0.401548016535682	0.0	5.694760820045558E-4
817-3 and	0.6931471805599453	0.16124080958374037	-0.401548016535682	0.0	5.694760820045558E-4
811-2 or the	0.6931471805599453	0.16124080958374037	-0.401548016535682	0.0	5.694760820045558E-4
811 and article	0.6931471805599453	0.16124080958374037	-0.401548016535682	0.0	5.694760820045558E-4
811-2	0.6931471805599453	0.16124080958374037	-0.401548016535682	0.0	5.694760820045558E-4
817-3 and his	0.6931471805599453	0.16124080958374037	-0.401548016535682	0.0	5.694760820045558E-4
811 may bring	0.6931471805599453	0.16124080958374037	-0.401548016535682	0.0	5.694760820045558E-4
811	0.6931471805599453	0.3226399312043818	-0.5680140237743975	0.0	0.0011389521640091116
819 shall	0.6931471805599453	0.16124080958374037	-0.401548016535682	0.0	5.694760820045558E-4
816	0.6931471805599453	0.16124080958374037	-0.401548016535682	0.0	5.694760820045558E-4
811 may	0.6931471805599453	0.16124080958374037	-0.401548016535682	0.0	5.694760820045558E-4
817-2 provided	0.6931471805599453	0.16124080958374037	-0.401548016535682	0.0	5.694760820045558E-4
819	0.6931471805599453	0.3226399312043818	-0.5680140237743975	0.0	0.0011389521640091116
819 shall apply	0.6931471805599453	0.16124080958374037	-0.401548016535682	0.0	5.694760820045558E-4
819 or the	0.6931471805599453	0.16124080958374037	-0.401548016535682	0.0	5.694760820045558E-4
811-2 or	0.6931471805599453	0.16124080958374037	-0.401548016535682	0.0	5.694760820045558E-4
816 shall apply	0.6931471805599453	0.16124080958374037	-0.401548016535682	0.0	5.694760820045558E-4
817-9	0.6931471805599453	0.3226399312043818	-0.5680140237743975	0.0	0.0011389521640091116
817-3	0.6931471805599453	0.16124080958374037	-0.401548016535682	0.0	5.694760820045558E-4
816 shall	0.6931471805599453	0.16124080958374037	-0.401548016535682	0.0	5.694760820045558E-4
817-2	0.6931471805599453	0.3226399312043818	-0.5680140237743975	0.0	0.0011389521640091116
811 and	0.6931471805599453	0.16124080958374037	-0.401548016535682	0.0	5.694760820045558E-4
817-2 provided that	0.6931471805599453	0.16124080958374037	-0.401548016535682	0.0	5.694760820045558E-4
817-2 shall	0.6931471805599453	0.16124080958374037	-0.401548016535682	0.0	5.694760820045558E-4
819 or	0.6931471805599453	0.16124080958374037	-0.401548016535682	0.0	5.694760820045558E-4
