832 shall apply	0.6931471805599453	0.9459085361020845	-0.9725782930448759	0.0	0.001935483870967742
834-2	0.6931471805599453	0.3149932696723518	-0.5612426121316448	0.0	6.451612903225806E-4
830 shall apply	0.6931471805599453	0.3149932696723518	-0.5612426121316448	0.0	6.451612903225806E-4
830	0.6931471805599453	0.3149932696723518	-0.5612426121316448	0.0	6.451612903225806E-4
832	0.6931471805599453	0.9459085361020845	-0.9725782930448759	0.0	0.001935483870967742
834-2 or the	0.6931471805599453	0.3149932696723518	-0.5612426121316448	0.0	6.451612903225806E-4
834-2 or	0.6931471805599453	0.3149932696723518	-0.5612426121316448	0.0	6.451612903225806E-4
834 paragraph	0.6931471805599453	0.3149932696723518	-0.5612426121316448	0.0	6.451612903225806E-4
834	0.6931471805599453	0.3149932696723518	-0.5612426121316448	0.0	6.451612903225806E-4
834 paragraph 1	0.6931471805599453	0.3149932696723518	-0.5612426121316448	0.0	6.451612903225806E-4
830 shall	0.6931471805599453	0.3149932696723518	-0.5612426121316448	0.0	6.451612903225806E-4
832 shall	0.6931471805599453	0.9459085361020845	-0.9725782930448759	0.0	0.001935483870967742
