843 article 859-2	0.6931471805599453	0.3149932696723518	-0.5612426121316448	0.0	6.451612903225806E-4
843 article 844	0.6931471805599453	0.6302959629887825	-0.7939118105865303	0.0	0.0012903225806451613
844 article 846	0.6931471805599453	0.9459085361020845	-0.9725782930448759	0.0	0.001935483870967742
840 and article	0.6931471805599453	0.3149932696723518	-0.5612426121316448	0.0	6.451612903225806E-4
840 and	0.6931471805599453	0.3149932696723518	-0.5612426121316448	0.0	6.451612903225806E-4
844 to	0.6931471805599453	0.6302959629887825	-0.7939118105865303	0.0	0.0012903225806451613
844 to 847	0.6931471805599453	0.6302959629887825	-0.7939118105865303	0.0	0.0012903225806451613
843 and from	0.6931471805599453	0.6302959629887825	-0.7939118105865303	0.0	0.0012903225806451613
847 inclusive shall	0.6931471805599453	0.6302959629887825	-0.7939118105865303	0.0	0.0012903225806451613
846 article	0.6931471805599453	0.9459085361020845	-0.9725782930448759	0.0	0.001935483870967742
847 article 850	0.6931471805599453	0.6302959629887825	-0.7939118105865303	0.0	0.0012903225806451613
847 paragraph 2	0.6931471805599453	0.3149932696723518	-0.5612426121316448	0.0	6.451612903225806E-4
840	0.6931471805599453	0.3149932696723518	-0.5612426121316448	0.0	6.451612903225806E-4
847 article	0.6931471805599453	0.6302959629887825	-0.7939118105865303	0.0	0.0012903225806451613
847 paragraph	0.6931471805599453	0.3149932696723518	-0.5612426121316448	0.0	6.451612903225806E-4
843	0.6931471805599453	1.5780651508179553	-1.2562106315494848	0.0	0.0032258064516129032
844	0.6931471805599453	1.5780651508179553	-1.2562106315494848	0.0	0.0032258064516129032
843 and	0.6931471805599453	0.6302959629887825	-0.7939118105865303	0.0	0.0012903225806451613
844 article	0.6931471805599453	0.9459085361020845	-0.9725782930448759	0.0	0.001935483870967742
847 inclusive	0.6931471805599453	0.6302959629887825	-0.7939118105865303	0.0	0.0012903225806451613
846	0.6931471805599453	0.9459085361020845	-0.9725782930448759	0.0	0.001935483870967742
846 article 847	0.6931471805599453	0.9459085361020845	-0.9725782930448759	0.0	0.001935483870967742
847	0.6931471805599453	1.5780651508179553	-1.2562106315494848	0.0	0.0032258064516129032
843 article	0.6931471805599453	0.9459085361020845	-0.9725782930448759	0.0	0.001935483870967742
