850 article 851	0.6931471805599453	0.6302959629887825	-0.7939118105865303	0.0	0.0012903225806451613
853 to 857	0.6931471805599453	0.3149932696723518	-0.5612426121316448	0.0	6.451612903225806E-4
859-3 shall	0.6931471805599453	0.3149932696723518	-0.5612426121316448	0.0	6.451612903225806E-4
859-3 paragraph 2	0.6931471805599453	1.2618314460621054	-1.1233127107186607	0.0	0.0025806451612903226
859-2 and	0.6931471805599453	0.3149932696723518	-0.5612426121316448	0.0	6.451612903225806E-4
857-2	0.6931471805599453	0.3149932696723518	-0.5612426121316448	0.0	6.451612903225806E-4
857 inclusive and	0.6931471805599453	0.3149932696723518	-0.5612426121316448	0.0	6.451612903225806E-4
850	0.6931471805599453	0.6302959629887825	-0.7939118105865303	0.0	0.0012903225806451613
851	0.6931471805599453	0.6302959629887825	-0.7939118105865303	0.0	0.0012903225806451613
853 to	0.6931471805599453	0.3149932696723518	-0.5612426121316448	0.0	6.451612903225806E-4
859-3 shall apply	0.6931471805599453	0.3149932696723518	-0.5612426121316448	0.0	6.451612903225806E-4
853	0.6931471805599453	0.3149932696723518	-0.5612426121316448	0.0	6.451612903225806E-4
857-2 shall	0.6931471805599453	0.3149932696723518	-0.5612426121316448	0.0	6.451612903225806E-4
857-2 shall apply	0.6931471805599453	0.3149932696723518	-0.5612426121316448	0.0	6.451612903225806E-4
857	0.6931471805599453	0.3149932696723518	-0.5612426121316448	0.0	6.451612903225806E-4
859-2 and article	0.6931471805599453	0.3149932696723518	-0.5612426121316448	0.0	6.451612903225806E-4
859-2 article 859-3	0.6931471805599453	1.2618314460621054	-1.1233127107186607	0.0	0.0025806451612903226
851 article 859-2	0.6931471805599453	0.6302959629887825	-0.7939118105865303	0.0	0.0012903225806451613
850 article	0.6931471805599453	0.6302959629887825	-0.7939118105865303	0.0	0.0012903225806451613
851 shall	0.6931471805599453	0.6302959629887825	-0.7939118105865303	0.0	0.0012903225806451613
857 inclusive	0.6931471805599453	0.3149932696723518	-0.5612426121316448	0.0	6.451612903225806E-4
851 shall be	0.6931471805599453	0.6302959629887825	-0.7939118105865303	0.0	0.0012903225806451613
859-3	0.6931471805599453	1.5780651508179553	-1.2562106315494848	0.0	0.0032258064516129032
859-3 paragraph	0.6931471805599453	1.2618314460621054	-1.1233127107186607	0.0	0.0025806451612903226
859-2	0.6931471805599453	1.5780651508179553	-1.2562106315494848	0.0	0.0032258064516129032
859-2 article	0.6931471805599453	1.2618314460621054	-1.1233127107186607	0.0	0.0025806451612903226
851 article	0.6931471805599453	0.6302959629887825	-0.7939118105865303	0.0	0.0012903225806451613
