861 and article	0.6931471805599453	0.9459085361020845	-0.9725782930448759	0.0	0.001935483870967742
861 article 862	0.6931471805599453	0.6302959629887825	-0.7939118105865303	0.0	0.0012903225806451613
862 and article	0.6931471805599453	0.3149932696723518	-0.5612426121316448	0.0	6.451612903225806E-4
866 inclusive shall	0.6931471805599453	0.3149932696723518	-0.5612426121316448	0.0	6.451612903225806E-4
862 article	0.6931471805599453	0.3149932696723518	-0.5612426121316448	0.0	6.451612903225806E-4
863 and	0.6931471805599453	0.3149932696723518	-0.5612426121316448	0.0	6.451612903225806E-4
862 shall	0.6931471805599453	0.9459085361020845	-0.9725782930448759	0.0	0.001935483870967742
861 and	0.6931471805599453	0.9459085361020845	-0.9725782930448759	0.0	0.001935483870967742
863 and paragraph	0.6931471805599453	0.3149932696723518	-0.5612426121316448	0.0	6.451612903225806E-4
863 shall apply	0.6931471805599453	0.3149932696723518	-0.5612426121316448	0.0	6.451612903225806E-4
861	0.6931471805599453	1.8946101092202183	-1.3764483678003394	0.0	0.003870967741935484
862 shall apply	0.6931471805599453	0.9459085361020845	-0.9725782930448759	0.0	0.001935483870967742
862	0.6931471805599453	1.5780651508179553	-1.2562106315494848	0.0	0.0032258064516129032
863 shall	0.6931471805599453	0.3149932696723518	-0.5612426121316448	0.0	6.451612903225806E-4
861 article	0.6931471805599453	0.6302959629887825	-0.7939118105865303	0.0	0.0012903225806451613
863	0.6931471805599453	0.6302959629887825	-0.7939118105865303	0.0	0.0012903225806451613
861 to	0.6931471805599453	0.3149932696723518	-0.5612426121316448	0.0	6.451612903225806E-4
862 and	0.6931471805599453	0.3149932696723518	-0.5612426121316448	0.0	6.451612903225806E-4
866	0.6931471805599453	0.3149932696723518	-0.5612426121316448	0.0	6.451612903225806E-4
861 to 866	0.6931471805599453	0.3149932696723518	-0.5612426121316448	0.0	6.451612903225806E-4
862 article 863	0.6931471805599453	0.3149932696723518	-0.5612426121316448	0.0	6.451612903225806E-4
866 inclusive	0.6931471805599453	0.3149932696723518	-0.5612426121316448	0.0	6.451612903225806E-4
