870 article 871	0.6931471805599453	0.6302959629887825	-0.7939118105865303	0.0	0.0012903225806451613
871 and article	0.6931471805599453	0.6302959629887825	-0.7939118105865303	0.0	0.0012903225806451613
876-4 shall apply	0.6931471805599453	0.3149932696723518	-0.5612426121316448	0.0	6.451612903225806E-4
870 article	0.6931471805599453	0.6302959629887825	-0.7939118105865303	0.0	0.0012903225806451613
876-5 shall apply	0.6931471805599453	0.3149932696723518	-0.5612426121316448	0.0	6.451612903225806E-4
872 the	0.6931471805599453	0.3149932696723518	-0.5612426121316448	0.0	6.451612903225806E-4
876-9	0.6931471805599453	0.6302959629887825	-0.7939118105865303	0.0	0.0012903225806451613
876-9 are to	0.6931471805599453	0.3149932696723518	-0.5612426121316448	0.0	6.451612903225806E-4
876-4	0.6931471805599453	0.3149932696723518	-0.5612426121316448	0.0	6.451612903225806E-4
870	0.6931471805599453	0.6302959629887825	-0.7939118105865303	0.0	0.0012903225806451613
876-5	0.6931471805599453	0.3149932696723518	-0.5612426121316448	0.0	6.451612903225806E-4
876-9 are	0.6931471805599453	0.3149932696723518	-0.5612426121316448	0.0	6.451612903225806E-4
871	0.6931471805599453	0.6302959629887825	-0.7939118105865303	0.0	0.0012903225806451613
872	0.6931471805599453	0.3149932696723518	-0.5612426121316448	0.0	6.451612903225806E-4
871 and	0.6931471805599453	0.6302959629887825	-0.7939118105865303	0.0	0.0012903225806451613
873	0.6931471805599453	0.6302959629887825	-0.7939118105865303	0.0	0.0012903225806451613
872 the period	0.6931471805599453	0.3149932696723518	-0.5612426121316448	0.0	6.451612903225806E-4
873 shall apply	0.6931471805599453	0.6302959629887825	-0.7939118105865303	0.0	0.0012903225806451613
876-5 shall	0.6931471805599453	0.3149932696723518	-0.5612426121316448	0.0	6.451612903225806E-4
873 shall	0.6931471805599453	0.6302959629887825	-0.7939118105865303	0.0	0.0012903225806451613
876-4 shall	0.6931471805599453	0.3149932696723518	-0.5612426121316448	0.0	6.451612903225806E-4
