887 article	0.6931471805599453	0.3149932696723518	-0.5612426121316448	0.0	6.451612903225806E-4
886 and article	0.6931471805599453	0.3149932696723518	-0.5612426121316448	0.0	6.451612903225806E-4
887 the	0.6931471805599453	0.3149932696723518	-0.5612426121316448	0.0	6.451612903225806E-4
887 or the	0.6931471805599453	0.3149932696723518	-0.5612426121316448	0.0	6.451612903225806E-4
887 article 900	0.6931471805599453	0.3149932696723518	-0.5612426121316448	0.0	6.451612903225806E-4
887 shall be	0.6931471805599453	0.3149932696723518	-0.5612426121316448	0.0	6.451612903225806E-4
887 or	0.6931471805599453	0.3149932696723518	-0.5612426121316448	0.0	6.451612903225806E-4
887 shall	0.6931471805599453	0.6302959629887825	-0.7939118105865303	0.0	0.0012903225806451613
887 shall apply	0.6931471805599453	0.3149932696723518	-0.5612426121316448	0.0	6.451612903225806E-4
886	0.6931471805599453	0.3149932696723518	-0.5612426121316448	0.0	6.451612903225806E-4
887	0.6931471805599453	1.5780651508179553	-1.2562106315494848	0.0	0.0032258064516129032
886 and	0.6931471805599453	0.3149932696723518	-0.5612426121316448	0.0	6.451612903225806E-4
889	0.6931471805599453	0.3149932696723518	-0.5612426121316448	0.0	6.451612903225806E-4
887 the following	0.6931471805599453	0.3149932696723518	-0.5612426121316448	0.0	6.451612903225806E-4
