907	0.6931471805599453	0.3149932696723518	-0.5612426121316448	0.0	6.451612903225806E-4
907 or	0.6931471805599453	0.3149932696723518	-0.5612426121316448	0.0	6.451612903225806E-4
902 inclusive	0.6931471805599453	0.3149932696723518	-0.5612426121316448	0.0	6.451612903225806E-4
903 and article	0.6931471805599453	0.3149932696723518	-0.5612426121316448	0.0	6.451612903225806E-4
900 article 901	0.6931471805599453	0.3149932696723518	-0.5612426121316448	0.0	6.451612903225806E-4
901 article 903	0.6931471805599453	0.3149932696723518	-0.5612426121316448	0.0	6.451612903225806E-4
900 article	0.6931471805599453	0.3149932696723518	-0.5612426121316448	0.0	6.451612903225806E-4
904 shall	0.6931471805599453	0.3149932696723518	-0.5612426121316448	0.0	6.451612903225806E-4
900 to 902	0.6931471805599453	0.3149932696723518	-0.5612426121316448	0.0	6.451612903225806E-4
907 or in	0.6931471805599453	0.3149932696723518	-0.5612426121316448	0.0	6.451612903225806E-4
901 article	0.6931471805599453	0.3149932696723518	-0.5612426121316448	0.0	6.451612903225806E-4
900	0.6931471805599453	0.6302959629887825	-0.7939118105865303	0.0	0.0012903225806451613
903 and	0.6931471805599453	0.3149932696723518	-0.5612426121316448	0.0	6.451612903225806E-4
901	0.6931471805599453	0.3149932696723518	-0.5612426121316448	0.0	6.451612903225806E-4
902	0.6931471805599453	0.3149932696723518	-0.5612426121316448	0.0	6.451612903225806E-4
900 to	0.6931471805599453	0.3149932696723518	-0.5612426121316448	0.0	6.451612903225806E-4
903	0.6931471805599453	0.3149932696723518	-0.5612426121316448	0.0	6.451612903225806E-4
904	0.6931471805599453	0.3149932696723518	-0.5612426121316448	0.0	6.451612903225806E-4
904 shall apply	0.6931471805599453	0.3149932696723518	-0.5612426121316448	0.0	6.451612903225806E-4
