918	0.6931471805599453	0.6302959629887825	-0.7939118105865303	0.0	0.0012903225806451613
919	0.6931471805599453	0.3149932696723518	-0.5612426121316448	0.0	6.451612903225806E-4
919 shall	0.6931471805599453	0.3149932696723518	-0.5612426121316448	0.0	6.451612903225806E-4
915 shall be	0.6931471805599453	0.3149932696723518	-0.5612426121316448	0.0	6.451612903225806E-4
910	0.6931471805599453	0.3149932696723518	-0.5612426121316448	0.0	6.451612903225806E-4
915 shall	0.6931471805599453	0.3149932696723518	-0.5612426121316448	0.0	6.451612903225806E-4
918 shall apply	0.6931471805599453	0.6302959629887825	-0.7939118105865303	0.0	0.0012903225806451613
915 iii if	0.6931471805599453	0.3149932696723518	-0.5612426121316448	0.0	6.451612903225806E-4
919 shall apply	0.6931471805599453	0.3149932696723518	-0.5612426121316448	0.0	6.451612903225806E-4
915	0.6931471805599453	1.2618314460621054	-1.1233127107186607	0.0	0.0025806451612903226
915 iii	0.6931471805599453	0.3149932696723518	-0.5612426121316448	0.0	6.451612903225806E-4
918 shall	0.6931471805599453	0.6302959629887825	-0.7939118105865303	0.0	0.0012903225806451613
