929	0.6931471805599453	0.3149932696723518	-0.5612426121316448	0.0	6.451612903225806E-4
927 to	0.6931471805599453	0.3149932696723518	-0.5612426121316448	0.0	6.451612903225806E-4
927 shall	0.6931471805599453	0.6302959629887825	-0.7939118105865303	0.0	0.0012903225806451613
929 to	0.6931471805599453	0.3149932696723518	-0.5612426121316448	0.0	6.451612903225806E-4
927 a	0.6931471805599453	0.3149932696723518	-0.5612426121316448	0.0	6.451612903225806E-4
929 to 931	0.6931471805599453	0.3149932696723518	-0.5612426121316448	0.0	6.451612903225806E-4
927 within the	0.6931471805599453	0.3149932696723518	-0.5612426121316448	0.0	6.451612903225806E-4
927 and	0.6931471805599453	0.3149932696723518	-0.5612426121316448	0.0	6.451612903225806E-4
925 articles	0.6931471805599453	0.3149932696723518	-0.5612426121316448	0.0	6.451612903225806E-4
927 or	0.6931471805599453	0.3149932696723518	-0.5612426121316448	0.0	6.451612903225806E-4
927 a person	0.6931471805599453	0.3149932696723518	-0.5612426121316448	0.0	6.451612903225806E-4
927 or has	0.6931471805599453	0.3149932696723518	-0.5612426121316448	0.0	6.451612903225806E-4
928 to	0.6931471805599453	0.3149932696723518	-0.5612426121316448	0.0	6.451612903225806E-4
926 to	0.6931471805599453	0.3149932696723518	-0.5612426121316448	0.0	6.451612903225806E-4
927 within	0.6931471805599453	0.3149932696723518	-0.5612426121316448	0.0	6.451612903225806E-4
926 to 935	0.6931471805599453	0.3149932696723518	-0.5612426121316448	0.0	6.451612903225806E-4
927 and articles	0.6931471805599453	0.3149932696723518	-0.5612426121316448	0.0	6.451612903225806E-4
921 relating to	0.6931471805599453	0.3149932696723518	-0.5612426121316448	0.0	6.451612903225806E-4
928 to 935	0.6931471805599453	0.3149932696723518	-0.5612426121316448	0.0	6.451612903225806E-4
927 to 934	0.6931471805599453	0.3149932696723518	-0.5612426121316448	0.0	6.451612903225806E-4
925 articles 927	0.6931471805599453	0.3149932696723518	-0.5612426121316448	0.0	6.451612903225806E-4
921 relating	0.6931471805599453	0.3149932696723518	-0.5612426121316448	0.0	6.451612903225806E-4
921	0.6931471805599453	0.3149932696723518	-0.5612426121316448	0.0	6.451612903225806E-4
925	0.6931471805599453	0.3149932696723518	-0.5612426121316448	0.0	6.451612903225806E-4
926	0.6931471805599453	0.3149932696723518	-0.5612426121316448	0.0	6.451612903225806E-4
927	0.6931471805599453	1.8946101092202183	-1.3764483678003394	0.0	0.003870967741935484
927 shall be	0.6931471805599453	0.6302959629887825	-0.7939118105865303	0.0	0.0012903225806451613
928	0.6931471805599453	0.3149932696723518	-0.5612426121316448	0.0	6.451612903225806E-4
