935 inclusive	0.6931471805599453	0.3149932696723518	-0.5612426121316448	0.0	6.451612903225806E-4
935 excluding the	0.6931471805599453	0.3149932696723518	-0.5612426121316448	0.0	6.451612903225806E-4
931 inclusive he	0.6931471805599453	0.3149932696723518	-0.5612426121316448	0.0	6.451612903225806E-4
930 to 934	0.6931471805599453	0.3149932696723518	-0.5612426121316448	0.0	6.451612903225806E-4
934 inclusive	0.6931471805599453	0.6302959629887825	-0.7939118105865303	0.0	0.0012903225806451613
934 inclusive shall	0.6931471805599453	0.3149932696723518	-0.5612426121316448	0.0	6.451612903225806E-4
935 excluding	0.6931471805599453	0.3149932696723518	-0.5612426121316448	0.0	6.451612903225806E-4
930 to	0.6931471805599453	0.3149932696723518	-0.5612426121316448	0.0	6.451612903225806E-4
932 shall apply	0.6931471805599453	0.3149932696723518	-0.5612426121316448	0.0	6.451612903225806E-4
931 inclusive	0.6931471805599453	0.3149932696723518	-0.5612426121316448	0.0	6.451612903225806E-4
932 shall	0.6931471805599453	0.3149932696723518	-0.5612426121316448	0.0	6.451612903225806E-4
930	0.6931471805599453	0.3149932696723518	-0.5612426121316448	0.0	6.451612903225806E-4
931	0.6931471805599453	0.3149932696723518	-0.5612426121316448	0.0	6.451612903225806E-4
935 inclusive shall	0.6931471805599453	0.3149932696723518	-0.5612426121316448	0.0	6.451612903225806E-4
934 inclusive articles	0.6931471805599453	0.3149932696723518	-0.5612426121316448	0.0	6.451612903225806E-4
932	0.6931471805599453	0.3149932696723518	-0.5612426121316448	0.0	6.451612903225806E-4
934	0.6931471805599453	0.6302959629887825	-0.7939118105865303	0.0	0.0012903225806451613
935	0.6931471805599453	0.6302959629887825	-0.7939118105865303	0.0	0.0012903225806451613
