941 an	0.6931471805599453	0.3149932696723518	-0.5612426121316448	0.0	6.451612903225806E-4
941 provided however	0.6931471805599453	0.3149932696723518	-0.5612426121316448	0.0	6.451612903225806E-4
945 inclusive and	0.6931471805599453	0.3149932696723518	-0.5612426121316448	0.0	6.451612903225806E-4
941 provided	0.6931471805599453	0.3149932696723518	-0.5612426121316448	0.0	6.451612903225806E-4
945 inclusive	0.6931471805599453	0.3149932696723518	-0.5612426121316448	0.0	6.451612903225806E-4
941 an heir	0.6931471805599453	0.3149932696723518	-0.5612426121316448	0.0	6.451612903225806E-4
941	0.6931471805599453	0.6302959629887825	-0.7939118105865303	0.0	0.0012903225806451613
943	0.6931471805599453	0.3149932696723518	-0.5612426121316448	0.0	6.451612903225806E-4
945	0.6931471805599453	0.3149932696723518	-0.5612426121316448	0.0	6.451612903225806E-4
943 to	0.6931471805599453	0.3149932696723518	-0.5612426121316448	0.0	6.451612903225806E-4
948 shall apply	0.6931471805599453	0.3149932696723518	-0.5612426121316448	0.0	6.451612903225806E-4
943 to 945	0.6931471805599453	0.3149932696723518	-0.5612426121316448	0.0	6.451612903225806E-4
948	0.6931471805599453	0.3149932696723518	-0.5612426121316448	0.0	6.451612903225806E-4
948 shall	0.6931471805599453	0.3149932696723518	-0.5612426121316448	0.0	6.451612903225806E-4
