956 shall apply	0.6931471805599453	0.3149932696723518	-0.5612426121316448	0.0	6.451612903225806E-4
952 an	0.6931471805599453	0.3149932696723518	-0.5612426121316448	0.0	6.451612903225806E-4
951	0.6931471805599453	0.3149932696723518	-0.5612426121316448	0.0	6.451612903225806E-4
952	0.6931471805599453	0.3149932696723518	-0.5612426121316448	0.0	6.451612903225806E-4
952 an administrator	0.6931471805599453	0.3149932696723518	-0.5612426121316448	0.0	6.451612903225806E-4
956	0.6931471805599453	0.3149932696723518	-0.5612426121316448	0.0	6.451612903225806E-4
958	0.6931471805599453	0.3149932696723518	-0.5612426121316448	0.0	6.451612903225806E-4
951 shall	0.6931471805599453	0.3149932696723518	-0.5612426121316448	0.0	6.451612903225806E-4
956 shall	0.6931471805599453	0.3149932696723518	-0.5612426121316448	0.0	6.451612903225806E-4
951 shall be	0.6931471805599453	0.3149932696723518	-0.5612426121316448	0.0	6.451612903225806E-4
