975 inclusive shall	0.6931471805599453	0.3149932696723518	-0.5612426121316448	0.0	6.451612903225806E-4
973 to	0.6931471805599453	0.3149932696723518	-0.5612426121316448	0.0	6.451612903225806E-4
978 a testator	0.6931471805599453	0.3149932696723518	-0.5612426121316448	0.0	6.451612903225806E-4
977 to	0.6931471805599453	0.3149932696723518	-0.5612426121316448	0.0	6.451612903225806E-4
975 inclusive	0.6931471805599453	0.3149932696723518	-0.5612426121316448	0.0	6.451612903225806E-4
977 to 979	0.6931471805599453	0.3149932696723518	-0.5612426121316448	0.0	6.451612903225806E-4
979 inclusive if	0.6931471805599453	0.3149932696723518	-0.5612426121316448	0.0	6.451612903225806E-4
97 shall	0.6931471805599453	0.3149932696723518	-0.5612426121316448	0.0	6.451612903225806E-4
970	0.6931471805599453	0.6302959629887825	-0.7939118105865303	0.0	0.0012903225806451613
973 to 975	0.6931471805599453	0.3149932696723518	-0.5612426121316448	0.0	6.451612903225806E-4
973	0.6931471805599453	0.3149932696723518	-0.5612426121316448	0.0	6.451612903225806E-4
975	0.6931471805599453	0.3149932696723518	-0.5612426121316448	0.0	6.451612903225806E-4
976	0.6931471805599453	0.9459085361020845	-0.9725782930448759	0.0	0.001935483870967742
977	0.6931471805599453	0.6302959629887825	-0.7939118105865303	0.0	0.0012903225806451613
979 inclusive	0.6931471805599453	0.3149932696723518	-0.5612426121316448	0.0	6.451612903225806E-4
978	0.6931471805599453	0.3149932696723518	-0.5612426121316448	0.0	6.451612903225806E-4
979	0.6931471805599453	0.3149932696723518	-0.5612426121316448	0.0	6.451612903225806E-4
97	0.6931471805599453	0.3149932696723518	-0.5612426121316448	0.0	6.451612903225806E-4
976 to 982	0.6931471805599453	0.3149932696723518	-0.5612426121316448	0.0	6.451612903225806E-4
977 and	0.6931471805599453	0.3149932696723518	-0.5612426121316448	0.0	6.451612903225806E-4
978 a	0.6931471805599453	0.3149932696723518	-0.5612426121316448	0.0	6.451612903225806E-4
976 to	0.6931471805599453	0.6302959629887825	-0.7939118105865303	0.0	0.0012903225806451613
976 to 981	0.6931471805599453	0.3149932696723518	-0.5612426121316448	0.0	6.451612903225806E-4
976 shall	0.6931471805599453	0.3149932696723518	-0.5612426121316448	0.0	6.451612903225806E-4
977 and article	0.6931471805599453	0.3149932696723518	-0.5612426121316448	0.0	6.451612903225806E-4
976 shall apply	0.6931471805599453	0.3149932696723518	-0.5612426121316448	0.0	6.451612903225806E-4
97 shall not	0.6931471805599453	0.3149932696723518	-0.5612426121316448	0.0	6.451612903225806E-4
