are delivered	1.0986122886681098	3.1777887764874415	1.7826353459099373	0.0020491803278688526	0.0
article 900 article	0.6931471805599453	0.3149932696723518	-0.5612426121316448	0.0	6.451612903225806E-4
arose provided	1.0986122886681098	3.1777887764874415	1.7826353459099373	0.0020491803278688526	0.0
articles 929 to	0.6931471805599453	0.3149932696723518	-0.5612426121316448	0.0	6.451612903225806E-4
article 299	0.6931471805599453	0.3149932696723518	-0.5612426121316448	0.0	6.451612903225806E-4
arose the proportions	0.6931471805599453	0.3149932696723518	-0.5612426121316448	0.0	6.451612903225806E-4
are more than	0.6931471805599453	1.2618314460621054	-1.1233127107186607	0.0	0.0025806451612903226
article 296	1.3862943611198906	6.358699152951786	2.5216461196908235	0.004098360655737705	0.0
article 298	1.0986122886681098	3.1777887764874415	1.7826353459099373	0.0020491803278688526	0.0
are married to	0.6931471805599453	0.3149932696723518	-0.5612426121316448	0.0	6.451612903225806E-4
are not due	0.6931471805599453	0.3149932696723518	-0.5612426121316448	0.0	6.451612903225806E-4
article even if	0.6931471805599453	0.3149932696723518	-0.5612426121316448	0.0	6.451612903225806E-4
article 9 article	0.6931471805599453	0.3149932696723518	-0.5612426121316448	0.0	6.451612903225806E-4
arise from any	0.6931471805599453	0.3149932696723518	-0.5612426121316448	0.0	6.451612903225806E-4
arise from assistance	0.6931471805599453	0.3149932696723518	-0.5612426121316448	0.0	6.451612903225806E-4
article 859-2 article	0.6931471805599453	1.2618314460621054	-1.1233127107186607	0.0	0.0025806451612903226
article i if	1.0986122886681098	3.1777887764874415	1.7826353459099373	0.0020491803278688526	0.0
arrives prior to	1.0986122886681098	3.1777887764874415	1.7826353459099373	0.0020491803278688526	0.0
article 777 shall	0.6931471805599453	0.3149932696723518	-0.5612426121316448	0.0	6.451612903225806E-4
arrive within	0.6931471805599453	0.3149932696723518	-0.5612426121316448	0.0	6.451612903225806E-4
article 620 shall	0.6931471805599453	0.9459085361020845	-0.9725782930448759	0.0	0.001935483870967742
article 644 and	0.6931471805599453	0.3149932696723518	-0.5612426121316448	0.0	6.451612903225806E-4
arising from a's	0.6931471805599453	0.3149932696723518	-0.5612426121316448	0.0	6.451612903225806E-4
article 921 relating	0.6931471805599453	0.3149932696723518	-0.5612426121316448	0.0	6.451612903225806E-4
article 903 and	0.6931471805599453	0.3149932696723518	-0.5612426121316448	0.0	6.451612903225806E-4
are to	1.0296194171811581	2.0859495132437	1.4442816599416126	0.00819672131147541	0.0032258064516129032
articles 442	0.6931471805599453	0.3149932696723518	-0.5612426121316448	0.0	6.451612903225806E-4
arrives	0.7731898882334817	0.359867917937527	-0.5998899215168788	0.0020491803278688526	0.003870967741935484
articles 434	0.6931471805599453	0.9459085361020845	-0.9725782930448759	0.0	0.001935483870967742
are prohibited by	1.0986122886681098	3.1777887764874415	1.7826353459099373	0.0020491803278688526	0.0
articles 1022	0.6931471805599453	0.3149932696723518	-0.5612426121316448	0.0	6.451612903225806E-4
arrangement which	0.6931471805599453	0.3149932696723518	-0.5612426121316448	0.0	6.451612903225806E-4
are justifiable	0.6931471805599453	0.9459085361020845	-0.9725782930448759	0.0	0.001935483870967742
are several guarantors	0.6931471805599453	0.3149932696723518	-0.5612426121316448	0.0	6.451612903225806E-4
article or the	0.6931471805599453	0.3149932696723518	-0.5612426121316448	0.0	6.451612903225806E-4
arbitrate as	0.6931471805599453	0.3149932696723518	-0.5612426121316448	0.0	6.451612903225806E-4
article 769 shall	0.6931471805599453	0.6302959629887825	-0.7939118105865303	0.0	0.0012903225806451613
are assumed after	1.0986122886681098	3.1777887764874415	1.7826353459099373	0.0020491803278688526	0.0
arrived	0.6931471805599453	0.9459085361020845	-0.9725782930448759	0.0	0.001935483870967742
are so	1.3862943611198906	6.358699152951786	2.5216461196908235	0.004098360655737705	0.0
arise from that	0.6931471805599453	0.3149932696723518	-0.5612426121316448	0.0	6.451612903225806E-4
article the family	0.6931471805599453	1.2618314460621054	-1.1233127107186607	0.0	0.0025806451612903226
are obtained from	0.6931471805599453	0.3149932696723518	-0.5612426121316448	0.0	6.451612903225806E-4
article 398-4	1.3862943611198906	6.358699152951786	2.5216461196908235	0.004098360655737705	0.0
articles 1011	0.6931471805599453	0.3149932696723518	-0.5612426121316448	0.0	6.451612903225806E-4
article 796 by	0.6931471805599453	0.3149932696723518	-0.5612426121316448	0.0	6.451612903225806E-4
are heirs one	0.6931471805599453	0.3149932696723518	-0.5612426121316448	0.0	6.451612903225806E-4
articles 930 to	0.6931471805599453	0.3149932696723518	-0.5612426121316448	0.0	6.451612903225806E-4
article 398-12	1.0986122886681098	3.1777887764874415	1.7826353459099373	0.0020491803278688526	0.0
arrive within that	0.6931471805599453	0.3149932696723518	-0.5612426121316448	0.0	6.451612903225806E-4
article 128 and	0.6931471805599453	0.3149932696723518	-0.5612426121316448	0.0	6.451612903225806E-4
article 398-16	1.6094379124341003	9.542735731260322	3.089131873400733	0.006147540983606557	0.0
article 817-3 and	0.6931471805599453	0.3149932696723518	-0.5612426121316448	0.0	6.451612903225806E-4
article 304 article	0.6931471805599453	0.3149932696723518	-0.5612426121316448	0.0	6.451612903225806E-4
article 766 a	0.6931471805599453	0.3149932696723518	-0.5612426121316448	0.0	6.451612903225806E-4
article are	1.0986122886681098	3.1777887764874415	1.7826353459099373	0.0020491803278688526	0.0
article the spouse	0.6931471805599453	0.3149932696723518	-0.5612426121316448	0.0	6.451612903225806E-4
arising from such	0.6931471805599453	0.3149932696723518	-0.5612426121316448	0.0	6.451612903225806E-4
are interested persons	1.0986122886681098	3.1777887764874415	1.7826353459099373	0.0020491803278688526	0.0
article 650 paragraph	0.6931471805599453	0.3149932696723518	-0.5612426121316448	0.0	6.451612903225806E-4
arose the exercise	1.0986122886681098	3.1777887764874415	1.7826353459099373	0.0020491803278688526	0.0
are justifiable reasons	0.6931471805599453	0.3149932696723518	-0.5612426121316448	0.0	6.451612903225806E-4
arose from the	1.791759469228055	12.729903122330223	3.567898978717057	0.00819672131147541	0.0
article 560 through	0.6931471805599453	0.3149932696723518	-0.5612426121316448	0.0	6.451612903225806E-4
article 17 may	0.6931471805599453	0.3149932696723518	-0.5612426121316448	0.0	6.451612903225806E-4
are pressing	0.6931471805599453	0.3149932696723518	-0.5612426121316448	0.0	6.451612903225806E-4
article 797 provided	0.6931471805599453	0.3149932696723518	-0.5612426121316448	0.0	6.451612903225806E-4
are justifiable grounds	0.6931471805599453	0.6302959629887825	-0.7939118105865303	0.0	0.0012903225806451613
are prohibited	1.0986122886681098	3.1777887764874415	1.7826353459099373	0.0020491803278688526	0.0
area	0.6931471805599453	0.6302959629887825	-0.7939118105865303	0.0	0.0012903225806451613
articles 488	0.6931471805599453	0.3149932696723518	-0.5612426121316448	0.0	6.451612903225806E-4
articles if an	0.6931471805599453	0.3149932696723518	-0.5612426121316448	0.0	6.451612903225806E-4
article 489	0.6931471805599453	0.3149932696723518	-0.5612426121316448	0.0	6.451612903225806E-4
article 242	1.3862943611198906	6.358699152951786	2.5216461196908235	0.004098360655737705	0.0
article 563 through	0.6931471805599453	0.3149932696723518	-0.5612426121316448	0.0	6.451612903225806E-4
arose under	1.3862943611198906	6.358699152951786	2.5216461196908235	0.004098360655737705	0.0
article	0.7895179933079632	10.128971980493105	-3.182604590660471	0.10655737704918032	0.16580645161290322
article 9 i	0.6931471805599453	0.3149932696723518	-0.5612426121316448	0.0	6.451612903225806E-4
article 748 shall	0.6931471805599453	0.3149932696723518	-0.5612426121316448	0.0	6.451612903225806E-4
articles 243	0.6931471805599453	0.3149932696723518	-0.5612426121316448	0.0	6.451612903225806E-4
article 811-2	0.6931471805599453	0.3149932696723518	-0.5612426121316448	0.0	6.451612903225806E-4
article 857-2	0.6931471805599453	0.3149932696723518	-0.5612426121316448	0.0	6.451612903225806E-4
article article	0.6931471805599453	0.3149932696723518	-0.5612426121316448	0.0	6.451612903225806E-4
article 20 and	0.6931471805599453	0.3149932696723518	-0.5612426121316448	0.0	6.451612903225806E-4
article 797 made	0.6931471805599453	0.3149932696723518	-0.5612426121316448	0.0	6.451612903225806E-4
article 271	1.0986122886681098	3.1777887764874415	1.7826353459099373	0.0020491803278688526	0.0
articles the person	0.6931471805599453	0.3149932696723518	-0.5612426121316448	0.0	6.451612903225806E-4
are only	1.0986122886681098	3.1777887764874415	1.7826353459099373	0.0020491803278688526	0.0
arose in	1.0986122886681098	3.1777887764874415	1.7826353459099373	0.0020491803278688526	0.0
are equivalent to	0.6931471805599453	0.3149932696723518	-0.5612426121316448	0.0	6.451612903225806E-4
arises after an	0.6931471805599453	0.6302959629887825	-0.7939118105865303	0.0	0.0012903225806451613
article paragraph 1	0.6931471805599453	0.3149932696723518	-0.5612426121316448	0.0	6.451612903225806E-4
are rights that	0.6931471805599453	0.6302959629887825	-0.7939118105865303	0.0	0.0012903225806451613
article 887 shall	0.6931471805599453	0.6302959629887825	-0.7939118105865303	0.0	0.0012903225806451613
arising from the	1.0986122886681098	1.4940005054215824	1.2222931339991985	0.004098360655737705	0.0012903225806451613
are agreed	0.6931471805599453	0.3149932696723518	-0.5612426121316448	0.0	6.451612903225806E-4
articles 792 to	0.6931471805599453	0.3149932696723518	-0.5612426121316448	0.0	6.451612903225806E-4
articles shall	0.8472978603872037	0.004908214435503409	0.07005864996917517	0.004098360655737705	0.003870967741935484
article 927 or	0.6931471805599453	0.3149932696723518	-0.5612426121316448	0.0	6.451612903225806E-4
article without	0.6931471805599453	0.3149932696723518	-0.5612426121316448	0.0	6.451612903225806E-4
article 269	1.0986122886681098	3.1777887764874415	1.7826353459099373	0.0020491803278688526	0.0
article in accordance	1.0986122886681098	3.1777887764874415	1.7826353459099373	0.0020491803278688526	0.0
article 260	0.6931471805599453	0.3149932696723518	-0.5612426121316448	0.0	6.451612903225806E-4
article a gift	0.6931471805599453	0.3149932696723518	-0.5612426121316448	0.0	6.451612903225806E-4
arrival of such	0.6931471805599453	1.8946101092202183	-1.3764483678003394	0.0	0.003870967741935484
arises	0.6931471805599453	4.11917865392274	-2.029575978849459	0.0	0.008387096774193548
article 103 he	0.6931471805599453	0.3149932696723518	-0.5612426121316448	0.0	6.451612903225806E-4
are mixed	1.0986122886681098	3.1777887764874415	1.7826353459099373	0.0020491803278688526	0.0
arisen	1.0986122886681098	3.1777887764874415	1.7826353459099373	0.0020491803278688526	0.0
arises from	0.6931471805599453	1.2618314460621054	-1.1233127107186607	0.0	0.0025806451612903226
articles 853	0.6931471805599453	0.3149932696723518	-0.5612426121316448	0.0	6.451612903225806E-4
are capable	0.6931471805599453	0.3149932696723518	-0.5612426121316448	0.0	6.451612903225806E-4
articles 434 to	0.6931471805599453	0.9459085361020845	-0.9725782930448759	0.0	0.001935483870967742
article 715 paragraph	0.6931471805599453	0.6302959629887825	-0.7939118105865303	0.0	0.0012903225806451613
articles 113 to	0.6931471805599453	0.3149932696723518	-0.5612426121316448	0.0	6.451612903225806E-4
are judged	0.6931471805599453	0.3149932696723518	-0.5612426121316448	0.0	6.451612903225806E-4
article 747 shall	0.6931471805599453	0.6302959629887825	-0.7939118105865303	0.0	0.0012903225806451613
are married	0.6931471805599453	0.9459085361020845	-0.9725782930448759	0.0	0.001935483870967742
arrives at the	0.6931471805599453	0.3149932696723518	-0.5612426121316448	0.0	6.451612903225806E-4
article 968 shall	0.6931471805599453	0.3149932696723518	-0.5612426121316448	0.0	6.451612903225806E-4
article 260 shall	0.6931471805599453	0.3149932696723518	-0.5612426121316448	0.0	6.451612903225806E-4
article 299 shall	0.6931471805599453	0.3149932696723518	-0.5612426121316448	0.0	6.451612903225806E-4
area where	0.6931471805599453	0.3149932696723518	-0.5612426121316448	0.0	6.451612903225806E-4
article 714 paragraph	0.6931471805599453	0.3149932696723518	-0.5612426121316448	0.0	6.451612903225806E-4
are cases	0.6931471805599453	0.6302959629887825	-0.7939118105865303	0.0	0.0012903225806451613
arrive before	0.6931471805599453	0.3149932696723518	-0.5612426121316448	0.0	6.451612903225806E-4
are extremely	0.6931471805599453	0.3149932696723518	-0.5612426121316448	0.0	6.451612903225806E-4
arose provided however	1.0986122886681098	3.1777887764874415	1.7826353459099373	0.0020491803278688526	0.0
article inclusive shall	0.6931471805599453	0.3149932696723518	-0.5612426121316448	0.0	6.451612903225806E-4
article must notify	0.6931471805599453	0.3149932696723518	-0.5612426121316448	0.0	6.451612903225806E-4
are made on	0.6931471805599453	0.3149932696723518	-0.5612426121316448	0.0	6.451612903225806E-4
article 566 shall	0.6931471805599453	0.3149932696723518	-0.5612426121316448	0.0	6.451612903225806E-4
article 910	0.6931471805599453	0.3149932696723518	-0.5612426121316448	0.0	6.451612903225806E-4
article 794 and	0.6931471805599453	0.3149932696723518	-0.5612426121316448	0.0	6.451612903225806E-4
article 817-2 provided	0.6931471805599453	0.3149932696723518	-0.5612426121316448	0.0	6.451612903225806E-4
article 468 shall	0.6931471805599453	0.3149932696723518	-0.5612426121316448	0.0	6.451612903225806E-4
are installed	1.0986122886681098	3.1777887764874415	1.7826353459099373	0.0020491803278688526	0.0
article is deemed	0.6931471805599453	0.3149932696723518	-0.5612426121316448	0.0	6.451612903225806E-4
are due	0.6931471805599453	0.6302959629887825	-0.7939118105865303	0.0	0.0012903225806451613
article 624 shall	0.6931471805599453	0.3149932696723518	-0.5612426121316448	0.0	6.451612903225806E-4
arbitrate referring	0.6931471805599453	0.3149932696723518	-0.5612426121316448	0.0	6.451612903225806E-4
articles 738 739	0.6931471805599453	0.3149932696723518	-0.5612426121316448	0.0	6.451612903225806E-4
article 738 article	0.6931471805599453	0.3149932696723518	-0.5612426121316448	0.0	6.451612903225806E-4
arose and their	0.6931471805599453	0.3149932696723518	-0.5612426121316448	0.0	6.451612903225806E-4
arise between	0.6931471805599453	0.3149932696723518	-0.5612426121316448	0.0	6.451612903225806E-4
article 918	0.6931471805599453	0.6302959629887825	-0.7939118105865303	0.0	0.0012903225806451613
article 646 paragraphs	0.6931471805599453	0.3149932696723518	-0.5612426121316448	0.0	6.451612903225806E-4
article 919	0.6931471805599453	0.3149932696723518	-0.5612426121316448	0.0	6.451612903225806E-4
are exclusive and	0.6931471805599453	0.3149932696723518	-0.5612426121316448	0.0	6.451612903225806E-4
article in this	0.6931471805599453	0.9459085361020845	-0.9725782930448759	0.0	0.001935483870967742
article 915	0.6931471805599453	1.2618314460621054	-1.1233127107186607	0.0	0.0025806451612903226
are unavoidable grounds	0.6931471805599453	1.5780651508179553	-1.2562106315494848	0.0	0.0032258064516129032
are purely	0.6931471805599453	0.3149932696723518	-0.5612426121316448	0.0	6.451612903225806E-4
articles 820	0.6931471805599453	0.3149932696723518	-0.5612426121316448	0.0	6.451612903225806E-4
article may cancel	0.6931471805599453	0.3149932696723518	-0.5612426121316448	0.0	6.451612903225806E-4
article at any	1.0986122886681098	3.1777887764874415	1.7826353459099373	0.0020491803278688526	0.0
article 900	0.6931471805599453	0.3149932696723518	-0.5612426121316448	0.0	6.451612903225806E-4
article 886 and	0.6931471805599453	0.3149932696723518	-0.5612426121316448	0.0	6.451612903225806E-4
articles shall not	0.9162907318741551	0.1454088286642491	0.381325095770327	0.0020491803278688526	0.0012903225806451613
article 120 ratifies	0.6931471805599453	0.3149932696723518	-0.5612426121316448	0.0	6.451612903225806E-4
article 15 ceases	0.6931471805599453	0.3149932696723518	-0.5612426121316448	0.0	6.451612903225806E-4
article 1029	0.6931471805599453	0.3149932696723518	-0.5612426121316448	0.0	6.451612903225806E-4
article 635 the	0.6931471805599453	0.3149932696723518	-0.5612426121316448	0.0	6.451612903225806E-4
article 907	0.6931471805599453	0.3149932696723518	-0.5612426121316448	0.0	6.451612903225806E-4
art charity worship	0.6931471805599453	0.3149932696723518	-0.5612426121316448	0.0	6.451612903225806E-4
article 901	0.6931471805599453	0.3149932696723518	-0.5612426121316448	0.0	6.451612903225806E-4
articles 927 to	0.6931471805599453	0.3149932696723518	-0.5612426121316448	0.0	6.451612903225806E-4
articles the	0.6931471805599453	0.6302959629887825	-0.7939118105865303	0.0	0.0012903225806451613
article 729 an	0.6931471805599453	0.3149932696723518	-0.5612426121316448	0.0	6.451612903225806E-4
article 903	0.6931471805599453	0.3149932696723518	-0.5612426121316448	0.0	6.451612903225806E-4
article 904	0.6931471805599453	0.3149932696723518	-0.5612426121316448	0.0	6.451612903225806E-4
article 2 of	0.6931471805599453	0.3149932696723518	-0.5612426121316448	0.0	6.451612903225806E-4
are equal in	0.6931471805599453	0.3149932696723518	-0.5612426121316448	0.0	6.451612903225806E-4
article 904 shall	0.6931471805599453	0.3149932696723518	-0.5612426121316448	0.0	6.451612903225806E-4
are in	1.0986122886681098	3.1777887764874415	1.7826353459099373	0.0020491803278688526	0.0
article 188 of	1.0986122886681098	3.1777887764874415	1.7826353459099373	0.0020491803278688526	0.0
are cases where	0.6931471805599453	0.3149932696723518	-0.5612426121316448	0.0	6.451612903225806E-4
article 645 article	0.6931471805599453	0.6302959629887825	-0.7939118105865303	0.0	0.0012903225806451613
article 844 article	0.6931471805599453	0.9459085361020845	-0.9725782930448759	0.0	0.001935483870967742
article 857-2 shall	0.6931471805599453	0.3149932696723518	-0.5612426121316448	0.0	6.451612903225806E-4
articles 644	0.6931471805599453	0.3149932696723518	-0.5612426121316448	0.0	6.451612903225806E-4
article arrives	0.6931471805599453	0.3149932696723518	-0.5612426121316448	0.0	6.451612903225806E-4
articles 645	0.6931471805599453	0.3149932696723518	-0.5612426121316448	0.0	6.451612903225806E-4
articles 1022 to	0.6931471805599453	0.3149932696723518	-0.5612426121316448	0.0	6.451612903225806E-4
article 792 provided	0.6931471805599453	0.3149932696723518	-0.5612426121316448	0.0	6.451612903225806E-4
article 952 an	0.6931471805599453	0.3149932696723518	-0.5612426121316448	0.0	6.451612903225806E-4
articles must prepare	0.6931471805599453	0.3149932696723518	-0.5612426121316448	0.0	6.451612903225806E-4
article 637 and	0.6931471805599453	0.3149932696723518	-0.5612426121316448	0.0	6.451612903225806E-4
arrived at the	0.6931471805599453	0.3149932696723518	-0.5612426121316448	0.0	6.451612903225806E-4
article is provided	1.0986122886681098	3.1777887764874415	1.7826353459099373	0.0020491803278688526	0.0
article 739 shall	0.6931471805599453	0.3149932696723518	-0.5612426121316448	0.0	6.451612903225806E-4
are due each	0.6931471805599453	0.3149932696723518	-0.5612426121316448	0.0	6.451612903225806E-4
article 591 which	0.6931471805599453	0.3149932696723518	-0.5612426121316448	0.0	6.451612903225806E-4
articles 380 and	1.0986122886681098	3.1777887764874415	1.7826353459099373	0.0020491803278688526	0.0
articles 645 to	0.6931471805599453	0.3149932696723518	-0.5612426121316448	0.0	6.451612903225806E-4
arises with	0.6931471805599453	0.6302959629887825	-0.7939118105865303	0.0	0.0012903225806451613
are not defective	0.6931471805599453	0.3149932696723518	-0.5612426121316448	0.0	6.451612903225806E-4
articles 861	0.6931471805599453	0.3149932696723518	-0.5612426121316448	0.0	6.451612903225806E-4
article 304 shall	1.0986122886681098	0.7462664607140223	0.8638671545521467	0.0020491803278688526	6.451612903225806E-4
article 225 or	1.0986122886681098	3.1777887764874415	1.7826353459099373	0.0020491803278688526	0.0
are capable of	0.6931471805599453	0.3149932696723518	-0.5612426121316448	0.0	6.451612903225806E-4
article 465-3 be	0.6931471805599453	0.3149932696723518	-0.5612426121316448	0.0	6.451612903225806E-4
article the period	0.6931471805599453	0.3149932696723518	-0.5612426121316448	0.0	6.451612903225806E-4
article 467 mortgagees	1.0986122886681098	3.1777887764874415	1.7826353459099373	0.0020491803278688526	0.0
article 927 a	0.6931471805599453	0.3149932696723518	-0.5612426121316448	0.0	6.451612903225806E-4
are appurtenant to	1.0986122886681098	3.1777887764874415	1.7826353459099373	0.0020491803278688526	0.0
article 732	0.6931471805599453	0.3149932696723518	-0.5612426121316448	0.0	6.451612903225806E-4
article 733	0.6931471805599453	0.9459085361020845	-0.9725782930448759	0.0	0.001935483870967742
article 976	0.6931471805599453	0.6302959629887825	-0.7939118105865303	0.0	0.0012903225806451613
article 977	0.6931471805599453	0.3149932696723518	-0.5612426121316448	0.0	6.451612903225806E-4
article 63 or	1.0986122886681098	3.1777887764874415	1.7826353459099373	0.0020491803278688526	0.0
are later	0.6931471805599453	0.3149932696723518	-0.5612426121316448	0.0	6.451612903225806E-4
article 970	0.6931471805599453	0.6302959629887825	-0.7939118105865303	0.0	0.0012903225806451613
article 731	0.6931471805599453	0.3149932696723518	-0.5612426121316448	0.0	6.451612903225806E-4
are multiple guardians	0.6931471805599453	2.211466781023173	-1.4871001247472118	0.0	0.004516129032258065
article 918 shall	0.6931471805599453	0.6302959629887825	-0.7939118105865303	0.0	0.0012903225806451613
article 977 and	0.6931471805599453	0.3149932696723518	-0.5612426121316448	0.0	6.451612903225806E-4
article 978	0.6931471805599453	0.3149932696723518	-0.5612426121316448	0.0	6.451612903225806E-4
article 794 provided	0.6931471805599453	0.3149932696723518	-0.5612426121316448	0.0	6.451612903225806E-4
article 738	0.6931471805599453	0.6302959629887825	-0.7939118105865303	0.0	0.0012903225806451613
article 739	0.6931471805599453	2.211466781023173	-1.4871001247472118	0.0	0.004516129032258065
are owned	1.0986122886681098	3.1777887764874415	1.7826353459099373	0.0020491803278688526	0.0
article 724	0.6931471805599453	0.3149932696723518	-0.5612426121316448	0.0	6.451612903225806E-4
are able to	0.6931471805599453	0.3149932696723518	-0.5612426121316448	0.0	6.451612903225806E-4
are harmed	0.6931471805599453	0.6302959629887825	-0.7939118105865303	0.0	0.0012903225806451613
are due ii	0.6931471805599453	0.3149932696723518	-0.5612426121316448	0.0	6.451612903225806E-4
article 600 shall	0.6931471805599453	0.3149932696723518	-0.5612426121316448	0.0	6.451612903225806E-4
article 729	0.6931471805599453	0.3149932696723518	-0.5612426121316448	0.0	6.451612903225806E-4
article partners shall	0.6931471805599453	0.3149932696723518	-0.5612426121316448	0.0	6.451612903225806E-4
articles 900 to	0.6931471805599453	0.3149932696723518	-0.5612426121316448	0.0	6.451612903225806E-4
arson by a	0.6931471805599453	0.3149932696723518	-0.5612426121316448	0.0	6.451612903225806E-4
article executes	0.6931471805599453	0.3149932696723518	-0.5612426121316448	0.0	6.451612903225806E-4
article 968	0.6931471805599453	0.9459085361020845	-0.9725782930448759	0.0	0.001935483870967742
are mixed together	1.0986122886681098	3.1777887764874415	1.7826353459099373	0.0020491803278688526	0.0
article 728	0.6931471805599453	0.9459085361020845	-0.9725782930448759	0.0	0.001935483870967742
article 755	0.6931471805599453	0.3149932696723518	-0.5612426121316448	0.0	6.451612903225806E-4
article an	0.6931471805599453	0.3149932696723518	-0.5612426121316448	0.0	6.451612903225806E-4
arise unless a	0.6931471805599453	0.3149932696723518	-0.5612426121316448	0.0	6.451612903225806E-4
article and the	0.6931471805599453	0.6302959629887825	-0.7939118105865303	0.0	0.0012903225806451613
article at	1.0986122886681098	3.1777887764874415	1.7826353459099373	0.0020491803278688526	0.0
art charity	0.6931471805599453	0.3149932696723518	-0.5612426121316448	0.0	6.451612903225806E-4
are satisfied and	0.6931471805599453	0.3149932696723518	-0.5612426121316448	0.0	6.451612903225806E-4
arson	0.6931471805599453	0.3149932696723518	-0.5612426121316448	0.0	6.451612903225806E-4
article 850 article	0.6931471805599453	0.6302959629887825	-0.7939118105865303	0.0	0.0012903225806451613
article 1029 deliver	0.6931471805599453	0.3149932696723518	-0.5612426121316448	0.0	6.451612903225806E-4
are severed	0.6931471805599453	0.3149932696723518	-0.5612426121316448	0.0	6.451612903225806E-4
are	0.9183937820709338	7.817419653609688	2.7959648877640952	0.09836065573770492	0.06129032258064516
article 978 a	0.6931471805599453	0.3149932696723518	-0.5612426121316448	0.0	6.451612903225806E-4
article an heir	0.6931471805599453	0.3149932696723518	-0.5612426121316448	0.0	6.451612903225806E-4
article 932 shall	0.6931471805599453	0.3149932696723518	-0.5612426121316448	0.0	6.451612903225806E-4
articles 121 to	0.6931471805599453	0.9459085361020845	-0.9725782930448759	0.0	0.001935483870967742
arts	0.6931471805599453	0.3149932696723518	-0.5612426121316448	0.0	6.451612903225806E-4
article 518	1.0986122886681098	3.1777887764874415	1.7826353459099373	0.0020491803278688526	0.0
article 861 article	0.6931471805599453	0.6302959629887825	-0.7939118105865303	0.0	0.0012903225806451613
article 646 to	0.6931471805599453	0.6302959629887825	-0.7939118105865303	0.0	0.0012903225806451613
articles a person	0.6931471805599453	0.3149932696723518	-0.5612426121316448	0.0	6.451612903225806E-4
art	0.6931471805599453	0.3149932696723518	-0.5612426121316448	0.0	6.451612903225806E-4
arbitration act act	0.6931471805599453	0.3149932696723518	-0.5612426121316448	0.0	6.451612903225806E-4
article 500	0.6931471805599453	0.3149932696723518	-0.5612426121316448	0.0	6.451612903225806E-4
arises after	0.6931471805599453	0.6302959629887825	-0.7939118105865303	0.0	0.0012903225806451613
article 417 shall	0.6931471805599453	0.3149932696723518	-0.5612426121316448	0.0	6.451612903225806E-4
articles if there	1.0986122886681098	3.1777887764874415	1.7826353459099373	0.0020491803278688526	0.0
arisen with	1.0986122886681098	3.1777887764874415	1.7826353459099373	0.0020491803278688526	0.0
article 747	0.6931471805599453	0.6302959629887825	-0.7939118105865303	0.0	0.0012903225806451613
article 748	0.6931471805599453	0.3149932696723518	-0.5612426121316448	0.0	6.451612903225806E-4
article must be	0.6931471805599453	0.6302959629887825	-0.7939118105865303	0.0	0.0012903225806451613
are defective	0.6931471805599453	0.3149932696723518	-0.5612426121316448	0.0	6.451612903225806E-4
articles 930	0.6931471805599453	0.3149932696723518	-0.5612426121316448	0.0	6.451612903225806E-4
article 932	0.6931471805599453	0.3149932696723518	-0.5612426121316448	0.0	6.451612903225806E-4
article 180 of	1.0986122886681098	3.1777887764874415	1.7826353459099373	0.0020491803278688526	0.0
are as	0.6931471805599453	0.3149932696723518	-0.5612426121316448	0.0	6.451612903225806E-4
are ended	0.6931471805599453	0.3149932696723518	-0.5612426121316448	0.0	6.451612903225806E-4
arising as a	1.3862943611198906	6.358699152951786	2.5216461196908235	0.004098360655737705	0.0
are married shall	0.6931471805599453	0.3149932696723518	-0.5612426121316448	0.0	6.451612903225806E-4
article 672 shall	0.6931471805599453	0.3149932696723518	-0.5612426121316448	0.0	6.451612903225806E-4
arise from curatorship	0.6931471805599453	0.3149932696723518	-0.5612426121316448	0.0	6.451612903225806E-4
are not the	1.0986122886681098	3.1777887764874415	1.7826353459099373	0.0020491803278688526	0.0
article 755 this	0.6931471805599453	0.3149932696723518	-0.5612426121316448	0.0	6.451612903225806E-4
are first	1.0986122886681098	3.1777887764874415	1.7826353459099373	0.0020491803278688526	0.0
article referred to	1.0986122886681098	3.1777887764874415	1.7826353459099373	0.0020491803278688526	0.0
article 271 through	1.0986122886681098	3.1777887764874415	1.7826353459099373	0.0020491803278688526	0.0
article and cause	1.0986122886681098	3.1777887764874415	1.7826353459099373	0.0020491803278688526	0.0
article 594 paragraph	0.6931471805599453	0.3149932696723518	-0.5612426121316448	0.0	6.451612903225806E-4
are the subject	1.0986122886681098	2.2432064675399843	1.4977337772581563	0.006147540983606557	0.001935483870967742
article 921	0.6931471805599453	0.3149932696723518	-0.5612426121316448	0.0	6.451612903225806E-4
article 105 to	0.6931471805599453	0.3149932696723518	-0.5612426121316448	0.0	6.451612903225806E-4
arising from failure	1.0986122886681098	3.1777887764874415	1.7826353459099373	0.0020491803278688526	0.0
articles 927	0.6931471805599453	0.3149932696723518	-0.5612426121316448	0.0	6.451612903225806E-4
arrival to the	0.6931471805599453	0.6302959629887825	-0.7939118105865303	0.0	0.0012903225806451613
arbitration	0.6931471805599453	0.3149932696723518	-0.5612426121316448	0.0	6.451612903225806E-4
articles 928	0.6931471805599453	0.3149932696723518	-0.5612426121316448	0.0	6.451612903225806E-4
article the obligee	0.6931471805599453	0.3149932696723518	-0.5612426121316448	0.0	6.451612903225806E-4
articles 929	0.6931471805599453	0.3149932696723518	-0.5612426121316448	0.0	6.451612903225806E-4
are grounds which	0.6931471805599453	0.3149932696723518	-0.5612426121316448	0.0	6.451612903225806E-4
are agreed on	0.6931471805599453	0.3149932696723518	-0.5612426121316448	0.0	6.451612903225806E-4
article 927	0.6931471805599453	1.8946101092202183	-1.3764483678003394	0.0	0.003870967741935484
are evident	0.6931471805599453	0.3149932696723518	-0.5612426121316448	0.0	6.451612903225806E-4
article 891 shall	0.6931471805599453	0.3149932696723518	-0.5612426121316448	0.0	6.451612903225806E-4
arrival of	0.7472144018302211	1.0730818665598594	-1.035896648589935	0.0020491803278688526	0.005806451612903226
article 798 provided	0.6931471805599453	0.3149932696723518	-0.5612426121316448	0.0	6.451612903225806E-4
arise between an	0.6931471805599453	0.3149932696723518	-0.5612426121316448	0.0	6.451612903225806E-4
article 202 the	1.0986122886681098	3.1777887764874415	1.7826353459099373	0.0020491803278688526	0.0
article 925	0.6931471805599453	0.3149932696723518	-0.5612426121316448	0.0	6.451612903225806E-4
article 926	0.6931471805599453	0.3149932696723518	-0.5612426121316448	0.0	6.451612903225806E-4
are real	1.0986122886681098	3.1777887764874415	1.7826353459099373	0.0020491803278688526	0.0
article 952	0.6931471805599453	0.3149932696723518	-0.5612426121316448	0.0	6.451612903225806E-4
are several	0.6931471805599453	0.3149932696723518	-0.5612426121316448	0.0	6.451612903225806E-4
article 951	0.6931471805599453	0.3149932696723518	-0.5612426121316448	0.0	6.451612903225806E-4
articles may exercise	0.6931471805599453	0.3149932696723518	-0.5612426121316448	0.0	6.451612903225806E-4
are deemed to	0.6931471805599453	0.3149932696723518	-0.5612426121316448	0.0	6.451612903225806E-4
article 655 paragraph	0.6931471805599453	0.6302959629887825	-0.7939118105865303	0.0	0.0012903225806451613
are reasonable	1.0986122886681098	3.1777887764874415	1.7826353459099373	0.0020491803278688526	0.0
article 2	0.6931471805599453	0.3149932696723518	-0.5612426121316448	0.0	6.451612903225806E-4
article 5	0.6931471805599453	0.3149932696723518	-0.5612426121316448	0.0	6.451612903225806E-4
article 859-3 paragraph	0.6931471805599453	1.2618314460621054	-1.1233127107186607	0.0	0.0025806451612903226
article 7	0.6931471805599453	0.9459085361020845	-0.9725782930448759	0.0	0.001935483870967742
article 6	0.6931471805599453	0.3149932696723518	-0.5612426121316448	0.0	6.451612903225806E-4
arrive	0.6931471805599453	0.6302959629887825	-0.7939118105865303	0.0	0.0012903225806451613
article 9	0.6931471805599453	0.9459085361020845	-0.9725782930448759	0.0	0.001935483870967742
articles 731 to	0.6931471805599453	0.6302959629887825	-0.7939118105865303	0.0	0.0012903225806451613
are the object	1.3862943611198906	3.011017893716995	1.73522848458553	0.004098360655737705	6.451612903225806E-4
article 714	0.6931471805599453	0.3149932696723518	-0.5612426121316448	0.0	6.451612903225806E-4
article 956	0.6931471805599453	0.3149932696723518	-0.5612426121316448	0.0	6.451612903225806E-4
article 715	0.6931471805599453	0.6302959629887825	-0.7939118105865303	0.0	0.0012903225806451613
article 958	0.6931471805599453	0.3149932696723518	-0.5612426121316448	0.0	6.451612903225806E-4
article 717	0.6931471805599453	0.3149932696723518	-0.5612426121316448	0.0	6.451612903225806E-4
article any performance	0.6931471805599453	0.3149932696723518	-0.5612426121316448	0.0	6.451612903225806E-4
article 941	0.6931471805599453	0.6302959629887825	-0.7939118105865303	0.0	0.0012903225806451613
article is to	1.0986122886681098	3.1777887764874415	1.7826353459099373	0.0020491803278688526	0.0
article may construct	1.0986122886681098	3.1777887764874415	1.7826353459099373	0.0020491803278688526	0.0
articles 900	0.6931471805599453	0.3149932696723518	-0.5612426121316448	0.0	6.451612903225806E-4
article i	1.0986122886681098	3.1777887764874415	1.7826353459099373	0.0020491803278688526	0.0
article shall be	0.9808292530117262	0.7094337986938414	0.8422789316454743	0.004098360655737705	0.001935483870967742
article 650 shall	0.6931471805599453	0.9459085361020845	-0.9725782930448759	0.0	0.001935483870967742
articles a	0.6931471805599453	0.6302959629887825	-0.7939118105865303	0.0	0.0012903225806451613
arbitrate as provided	0.6931471805599453	0.3149932696723518	-0.5612426121316448	0.0	6.451612903225806E-4
article a	0.6931471805599453	0.3149932696723518	-0.5612426121316448	0.0	6.451612903225806E-4
are already	0.6931471805599453	0.3149932696723518	-0.5612426121316448	0.0	6.451612903225806E-4
are due or	0.6931471805599453	0.3149932696723518	-0.5612426121316448	0.0	6.451612903225806E-4
article 798 is	0.6931471805599453	0.3149932696723518	-0.5612426121316448	0.0	6.451612903225806E-4
are multiple	0.6931471805599453	2.211466781023173	-1.4871001247472118	0.0	0.004516129032258065
article rights to	0.6931471805599453	0.3149932696723518	-0.5612426121316448	0.0	6.451612903225806E-4
article 703	1.0986122886681098	3.1777887764874415	1.7826353459099373	0.0020491803278688526	0.0
article 704	1.0986122886681098	3.1777887764874415	1.7826353459099373	0.0020491803278688526	0.0
article 951 shall	0.6931471805599453	0.3149932696723518	-0.5612426121316448	0.0	6.451612903225806E-4
article 948	0.6931471805599453	0.3149932696723518	-0.5612426121316448	0.0	6.451612903225806E-4
article 811 may	0.6931471805599453	0.3149932696723518	-0.5612426121316448	0.0	6.451612903225806E-4
are not related	0.6931471805599453	0.3149932696723518	-0.5612426121316448	0.0	6.451612903225806E-4
article even	0.6931471805599453	0.3149932696723518	-0.5612426121316448	0.0	6.451612903225806E-4
are to be	1.0986122886681098	2.993888697564038	1.7302857271456753	0.00819672131147541	0.0025806451612903226
article 872 the	0.6931471805599453	0.3149932696723518	-0.5612426121316448	0.0	6.451612903225806E-4
article 330	1.0986122886681098	3.1777887764874415	1.7826353459099373	0.0020491803278688526	0.0
articles those	1.3862943611198906	6.358699152951786	2.5216461196908235	0.004098360655737705	0.0
article 915 iii	0.6931471805599453	0.3149932696723518	-0.5612426121316448	0.0	6.451612903225806E-4
articles must	0.6931471805599453	0.6302959629887825	-0.7939118105865303	0.0	0.0012903225806451613
article 863 and	0.6931471805599453	0.3149932696723518	-0.5612426121316448	0.0	6.451612903225806E-4
area of the	0.6931471805599453	0.6302959629887825	-0.7939118105865303	0.0	0.0012903225806451613
articles 296	1.0986122886681098	3.1777887764874415	1.7826353459099373	0.0020491803278688526	0.0
article 325	1.0986122886681098	3.1777887764874415	1.7826353459099373	0.0020491803278688526	0.0
article 377 shall	1.0986122886681098	3.1777887764874415	1.7826353459099373	0.0020491803278688526	0.0
article referred	1.0986122886681098	3.1777887764874415	1.7826353459099373	0.0020491803278688526	0.0
article 728 articles	0.6931471805599453	0.3149932696723518	-0.5612426121316448	0.0	6.451612903225806E-4
article 563	0.6931471805599453	0.3149932696723518	-0.5612426121316448	0.0	6.451612903225806E-4
article 566	0.6931471805599453	0.6302959629887825	-0.7939118105865303	0.0	0.0012903225806451613
article 560	0.6931471805599453	0.3149932696723518	-0.5612426121316448	0.0	6.451612903225806E-4
article 561	0.6931471805599453	0.3149932696723518	-0.5612426121316448	0.0	6.451612903225806E-4
article paragraph	0.6931471805599453	0.3149932696723518	-0.5612426121316448	0.0	6.451612903225806E-4
article 545 shall	0.6931471805599453	0.3149932696723518	-0.5612426121316448	0.0	6.451612903225806E-4
are owned by	1.0986122886681098	3.1777887764874415	1.7826353459099373	0.0020491803278688526	0.0
article 210 must	1.0986122886681098	3.1777887764874415	1.7826353459099373	0.0020491803278688526	0.0
article 859-2 and	0.6931471805599453	0.3149932696723518	-0.5612426121316448	0.0	6.451612903225806E-4
article 790 and	0.6931471805599453	0.3149932696723518	-0.5612426121316448	0.0	6.451612903225806E-4
article 597	0.6931471805599453	0.3149932696723518	-0.5612426121316448	0.0	6.451612903225806E-4
article 598	0.6931471805599453	0.3149932696723518	-0.5612426121316448	0.0	6.451612903225806E-4
article 351	1.0986122886681098	3.1777887764874415	1.7826353459099373	0.0020491803278688526	0.0
article 594	0.6931471805599453	0.3149932696723518	-0.5612426121316448	0.0	6.451612903225806E-4
article 859-3 shall	0.6931471805599453	0.3149932696723518	-0.5612426121316448	0.0	6.451612903225806E-4
article 13 and	0.6931471805599453	0.3149932696723518	-0.5612426121316448	0.0	6.451612903225806E-4
article 591	0.6931471805599453	0.3149932696723518	-0.5612426121316448	0.0	6.451612903225806E-4
article have	0.6931471805599453	0.3149932696723518	-0.5612426121316448	0.0	6.451612903225806E-4
article 376 provided	1.0986122886681098	3.1777887764874415	1.7826353459099373	0.0020491803278688526	0.0
are interested	1.0986122886681098	3.1777887764874415	1.7826353459099373	0.0020491803278688526	0.0
arise if the	0.6931471805599453	0.3149932696723518	-0.5612426121316448	0.0	6.451612903225806E-4
article may demand	1.0986122886681098	3.1777887764874415	1.7826353459099373	0.0020491803278688526	0.0
articles 274	1.0986122886681098	3.1777887764874415	1.7826353459099373	0.0020491803278688526	0.0
are unavoidable reasons	1.0986122886681098	0.7462664607140223	0.8638671545521467	0.0020491803278688526	6.451612903225806E-4
article 105	0.6931471805599453	0.6302959629887825	-0.7939118105865303	0.0	0.0012903225806451613
article 107	0.6931471805599453	0.3149932696723518	-0.5612426121316448	0.0	6.451612903225806E-4
are exclusive	0.6931471805599453	0.3149932696723518	-0.5612426121316448	0.0	6.451612903225806E-4
article 873 shall	0.6931471805599453	0.6302959629887825	-0.7939118105865303	0.0	0.0012903225806451613
article 670 shall	0.6931471805599453	0.3149932696723518	-0.5612426121316448	0.0	6.451612903225806E-4
article 103	0.6931471805599453	0.3149932696723518	-0.5612426121316448	0.0	6.451612903225806E-4
article 887 the	0.6931471805599453	0.3149932696723518	-0.5612426121316448	0.0	6.451612903225806E-4
article 583	0.6931471805599453	0.6302959629887825	-0.7939118105865303	0.0	0.0012903225806451613
article 580	0.6931471805599453	0.3149932696723518	-0.5612426121316448	0.0	6.451612903225806E-4
area where the	0.6931471805599453	0.3149932696723518	-0.5612426121316448	0.0	6.451612903225806E-4
article 834-2 or	0.6931471805599453	0.3149932696723518	-0.5612426121316448	0.0	6.451612903225806E-4
are appurtenant	1.0986122886681098	3.1777887764874415	1.7826353459099373	0.0020491803278688526	0.0
article 7 ceases	0.6931471805599453	0.3149932696723518	-0.5612426121316448	0.0	6.451612903225806E-4
are pressing circumstances	0.6931471805599453	0.3149932696723518	-0.5612426121316448	0.0	6.451612903225806E-4
article 747 and	0.6931471805599453	0.3149932696723518	-0.5612426121316448	0.0	6.451612903225806E-4
article 11 ceases	0.6931471805599453	0.3149932696723518	-0.5612426121316448	0.0	6.451612903225806E-4
article 777	0.6931471805599453	0.3149932696723518	-0.5612426121316448	0.0	6.451612903225806E-4
article 826 shall	0.6931471805599453	0.3149932696723518	-0.5612426121316448	0.0	6.451612903225806E-4
article shall receive	0.6931471805599453	0.3149932696723518	-0.5612426121316448	0.0	6.451612903225806E-4
article 537	0.6931471805599453	0.3149932696723518	-0.5612426121316448	0.0	6.451612903225806E-4
article 772	0.6931471805599453	0.3149932696723518	-0.5612426121316448	0.0	6.451612903225806E-4
arise from default	0.6931471805599453	0.3149932696723518	-0.5612426121316448	0.0	6.451612903225806E-4
are later deemed	0.6931471805599453	0.3149932696723518	-0.5612426121316448	0.0	6.451612903225806E-4
article 732 or	0.6931471805599453	0.3149932696723518	-0.5612426121316448	0.0	6.451612903225806E-4
article 774	0.6931471805599453	0.3149932696723518	-0.5612426121316448	0.0	6.451612903225806E-4
article 533	0.6931471805599453	1.2618314460621054	-1.1233127107186607	0.0	0.0025806451612903226
are any other	0.6931471805599453	0.3149932696723518	-0.5612426121316448	0.0	6.451612903225806E-4
article 862 and	0.6931471805599453	0.3149932696723518	-0.5612426121316448	0.0	6.451612903225806E-4
article 770	0.6931471805599453	0.3149932696723518	-0.5612426121316448	0.0	6.451612903225806E-4
articles those customs	1.3862943611198906	6.358699152951786	2.5216461196908235	0.004098360655737705	0.0
article 489 shall	0.6931471805599453	0.3149932696723518	-0.5612426121316448	0.0	6.451612903225806E-4
article may	1.0986122886681098	2.2432064675399843	1.4977337772581563	0.006147540983606557	0.001935483870967742
article is nullified	1.0986122886681098	3.1777887764874415	1.7826353459099373	0.0020491803278688526	0.0
arising from specific	1.0986122886681098	3.1777887764874415	1.7826353459099373	0.0020491803278688526	0.0
article 766	0.6931471805599453	0.6302959629887825	-0.7939118105865303	0.0	0.0012903225806451613
article is effected	1.0986122886681098	3.1777887764874415	1.7826353459099373	0.0020491803278688526	0.0
article 452 or	0.6931471805599453	0.3149932696723518	-0.5612426121316448	0.0	6.451612903225806E-4
article 655 shall	0.6931471805599453	0.9459085361020845	-0.9725782930448759	0.0	0.001935483870967742
article 847 article	0.6931471805599453	0.6302959629887825	-0.7939118105865303	0.0	0.0012903225806451613
are not jointly	0.6931471805599453	0.3149932696723518	-0.5612426121316448	0.0	6.451612903225806E-4
are not acts	0.6931471805599453	0.3149932696723518	-0.5612426121316448	0.0	6.451612903225806E-4
article 769	0.6931471805599453	0.9459085361020845	-0.9725782930448759	0.0	0.001935483870967742
article 655 article	0.6931471805599453	0.9459085361020845	-0.9725782930448759	0.0	0.001935483870967742
are obtained	0.6931471805599453	0.3149932696723518	-0.5612426121316448	0.0	6.451612903225806E-4
article 811-2 or	0.6931471805599453	0.3149932696723518	-0.5612426121316448	0.0	6.451612903225806E-4
article 798	0.6931471805599453	0.6302959629887825	-0.7939118105865303	0.0	0.0012903225806451613
article 799	0.6931471805599453	0.6302959629887825	-0.7939118105865303	0.0	0.0012903225806451613
article 304 cited	1.0986122886681098	3.1777887764874415	1.7826353459099373	0.0020491803278688526	0.0
article 794	0.6931471805599453	0.6302959629887825	-0.7939118105865303	0.0	0.0012903225806451613
are registered pursuant	1.0986122886681098	3.1777887764874415	1.7826353459099373	0.0020491803278688526	0.0
article 312	1.0986122886681098	3.1777887764874415	1.7826353459099373	0.0020491803278688526	0.0
article 766 shall	0.6931471805599453	0.3149932696723518	-0.5612426121316448	0.0	6.451612903225806E-4
article 796	0.6931471805599453	0.6302959629887825	-0.7939118105865303	0.0	0.0012903225806451613
article 797	0.6931471805599453	0.6302959629887825	-0.7939118105865303	0.0	0.0012903225806451613
article 790	0.6931471805599453	0.3149932696723518	-0.5612426121316448	0.0	6.451612903225806E-4
article 792	0.6931471805599453	0.3149932696723518	-0.5612426121316448	0.0	6.451612903225806E-4
article 793	0.6931471805599453	0.3149932696723518	-0.5612426121316448	0.0	6.451612903225806E-4
article 551	0.6931471805599453	0.3149932696723518	-0.5612426121316448	0.0	6.451612903225806E-4
article may note	1.0986122886681098	3.1777887764874415	1.7826353459099373	0.0020491803278688526	0.0
article 15 an	0.6931471805599453	0.3149932696723518	-0.5612426121316448	0.0	6.451612903225806E-4
article 824 shall	0.6931471805599453	0.9459085361020845	-0.9725782930448759	0.0	0.001935483870967742
article 545	0.6931471805599453	0.3149932696723518	-0.5612426121316448	0.0	6.451612903225806E-4
article 304	1.252762968495368	3.577861957760412	1.8915237132429539	0.006147540983606557	0.0012903225806451613
article 306	1.0986122886681098	3.1777887764874415	1.7826353459099373	0.0020491803278688526	0.0
articles 976 to	0.6931471805599453	0.3149932696723518	-0.5612426121316448	0.0	6.451612903225806E-4
article 269 shall	1.0986122886681098	3.1777887764874415	1.7826353459099373	0.0020491803278688526	0.0
articles 804 to	0.6931471805599453	0.3149932696723518	-0.5612426121316448	0.0	6.451612903225806E-4
article 304 and	1.0986122886681098	3.1777887764874415	1.7826353459099373	0.0020491803278688526	0.0
article 598 shall	0.6931471805599453	0.3149932696723518	-0.5612426121316448	0.0	6.451612903225806E-4
article must	0.6931471805599453	1.2618314460621054	-1.1233127107186607	0.0	0.0025806451612903226
are unknown	0.6931471805599453	0.6302959629887825	-0.7939118105865303	0.0	0.0012903225806451613
article 861 and	0.6931471805599453	0.9459085361020845	-0.9725782930448759	0.0	0.001935483870967742
article 107 shall	0.6931471805599453	0.3149932696723518	-0.5612426121316448	0.0	6.451612903225806E-4
article 17 shall	0.6931471805599453	0.3149932696723518	-0.5612426121316448	0.0	6.451612903225806E-4
arise from	0.6931471805599453	3.482019829081592	-1.8660171031053259	0.0	0.0070967741935483875
article 925 articles	0.6931471805599453	0.3149932696723518	-0.5612426121316448	0.0	6.451612903225806E-4
article to the	0.6931471805599453	0.6302959629887825	-0.7939118105865303	0.0	0.0012903225806451613
arbitrate	0.6931471805599453	0.3149932696723518	-0.5612426121316448	0.0	6.451612903225806E-4
article 11 or	0.6931471805599453	0.6302959629887825	-0.7939118105865303	0.0	0.0012903225806451613
arises as	0.6931471805599453	0.3149932696723518	-0.5612426121316448	0.0	6.451612903225806E-4
article 887 article	0.6931471805599453	0.3149932696723518	-0.5612426121316448	0.0	6.451612903225806E-4
article 897 the	0.6931471805599453	0.3149932696723518	-0.5612426121316448	0.0	6.451612903225806E-4
article 180	1.0986122886681098	3.1777887764874415	1.7826353459099373	0.0020491803278688526	0.0
are purely personal	0.6931471805599453	0.3149932696723518	-0.5612426121316448	0.0	6.451612903225806E-4
article 724 shall	0.6931471805599453	0.3149932696723518	-0.5612426121316448	0.0	6.451612903225806E-4
articles 861 to	0.6931471805599453	0.3149932696723518	-0.5612426121316448	0.0	6.451612903225806E-4
article 926 to	0.6931471805599453	0.3149932696723518	-0.5612426121316448	0.0	6.451612903225806E-4
are a	0.6931471805599453	1.2618314460621054	-1.1233127107186607	0.0	0.0025806451612903226
are two or	0.9162907318741551	0.4375164608157913	0.6614502708562385	0.006147540983606557	0.003870967741935484
article 167	1.0986122886681098	0.7462664607140223	0.8638671545521467	0.0020491803278688526	6.451612903225806E-4
article executes a	0.6931471805599453	0.3149932696723518	-0.5612426121316448	0.0	6.451612903225806E-4
article 163	0.6931471805599453	0.3149932696723518	-0.5612426121316448	0.0	6.451612903225806E-4
article 105 and	0.6931471805599453	0.3149932696723518	-0.5612426121316448	0.0	6.451612903225806E-4
article the allocation	0.6931471805599453	0.3149932696723518	-0.5612426121316448	0.0	6.451612903225806E-4
article 162	0.6931471805599453	0.3149932696723518	-0.5612426121316448	0.0	6.451612903225806E-4
article to	0.6931471805599453	0.6302959629887825	-0.7939118105865303	0.0	0.0012903225806451613
arises as a	0.6931471805599453	0.3149932696723518	-0.5612426121316448	0.0	6.451612903225806E-4
article 97 shall	0.6931471805599453	0.3149932696723518	-0.5612426121316448	0.0	6.451612903225806E-4
article 68-3	1.0986122886681098	3.1777887764874415	1.7826353459099373	0.0020491803278688526	0.0
article if it	0.6931471805599453	0.3149932696723518	-0.5612426121316448	0.0	6.451612903225806E-4
arising the owner	0.6931471805599453	0.6302959629887825	-0.7939118105865303	0.0	0.0012903225806451613
arises from guardianship	0.6931471805599453	0.3149932696723518	-0.5612426121316448	0.0	6.451612903225806E-4
article 17	0.6931471805599453	1.2618314460621054	-1.1233127107186607	0.0	0.0025806451612903226
article 196	0.9162907318741551	0.1454088286642491	0.381325095770327	0.0020491803278688526	0.0012903225806451613
article shall not	1.252762968495368	3.577861957760412	1.8915237132429539	0.006147540983606557	0.0012903225806451613
article 847 paragraph	0.6931471805599453	0.3149932696723518	-0.5612426121316448	0.0	6.451612903225806E-4
article rights	0.6931471805599453	0.3149932696723518	-0.5612426121316448	0.0	6.451612903225806E-4
article article 811	0.6931471805599453	0.3149932696723518	-0.5612426121316448	0.0	6.451612903225806E-4
are not required	0.6931471805599453	0.3149932696723518	-0.5612426121316448	0.0	6.451612903225806E-4
article 13	0.6931471805599453	0.9459085361020845	-0.9725782930448759	0.0	0.001935483870967742
article 15	0.6931471805599453	0.9459085361020845	-0.9725782930448759	0.0	0.001935483870967742
are satisfied	1.0986122886681098	0.7462664607140223	0.8638671545521467	0.0020491803278688526	6.451612903225806E-4
article or as	0.6931471805599453	0.3149932696723518	-0.5612426121316448	0.0	6.451612903225806E-4
arrival of the	0.8472978603872037	0.0024492810481986037	0.04949021164026886	0.0020491803278688526	0.001935483870967742
articles shall apply	0.8109302162163288	0.04283486304635596	-0.2069658499520053	0.0020491803278688526	0.0025806451612903226
article 11	0.6931471805599453	1.2618314460621054	-1.1233127107186607	0.0	0.0025806451612903226
articles 792	0.6931471805599453	0.3149932696723518	-0.5612426121316448	0.0	6.451612903225806E-4
are incurred by	0.6931471805599453	0.3149932696723518	-0.5612426121316448	0.0	6.451612903225806E-4
arises from a	0.6931471805599453	0.6302959629887825	-0.7939118105865303	0.0	0.0012903225806451613
article 465-2 is	0.6931471805599453	0.3149932696723518	-0.5612426121316448	0.0	6.451612903225806E-4
are not	0.9315582040049435	1.3554511697734666	1.1642384505647745	0.014344262295081968	0.008387096774193548
arose the	1.0986122886681098	0.7462664607140223	0.8638671545521467	0.0020491803278688526	6.451612903225806E-4
are satisfied provided	1.0986122886681098	3.1777887764874415	1.7826353459099373	0.0020491803278688526	0.0
article may be	0.6931471805599453	0.6302959629887825	-0.7939118105865303	0.0	0.0012903225806451613
articles if the	0.6931471805599453	0.3149932696723518	-0.5612426121316448	0.0	6.451612903225806E-4
article 188	1.0986122886681098	3.1777887764874415	1.7826353459099373	0.0020491803278688526	0.0
arises by	0.6931471805599453	0.3149932696723518	-0.5612426121316448	0.0	6.451612903225806E-4
article 183	1.0986122886681098	3.1777887764874415	1.7826353459099373	0.0020491803278688526	0.0
article shall	0.8544153281560676	0.05895624576999174	0.24280907266820106	0.014344262295081968	0.012903225806451613
articles 644 to	0.6931471805599453	0.3149932696723518	-0.5612426121316448	0.0	6.451612903225806E-4
articles may	1.0986122886681098	0.7462664607140223	0.8638671545521467	0.0020491803278688526	6.451612903225806E-4
arson by	0.6931471805599453	0.3149932696723518	-0.5612426121316448	0.0	6.451612903225806E-4
articles 296 through	1.0986122886681098	3.1777887764874415	1.7826353459099373	0.0020491803278688526	0.0
arising as	1.3862943611198906	6.358699152951786	2.5216461196908235	0.004098360655737705	0.0
arrives at	0.6931471805599453	0.3149932696723518	-0.5612426121316448	0.0	6.451612903225806E-4
are first paid	1.0986122886681098	3.1777887764874415	1.7826353459099373	0.0020491803278688526	0.0
article have ceased	0.6931471805599453	0.3149932696723518	-0.5612426121316448	0.0	6.451612903225806E-4
article 870 article	0.6931471805599453	0.6302959629887825	-0.7939118105865303	0.0	0.0012903225806451613
article 20	0.6931471805599453	0.9459085361020845	-0.9725782930448759	0.0	0.001935483870967742
article 376	1.0986122886681098	3.1777887764874415	1.7826353459099373	0.0020491803278688526	0.0
arrives after the	0.6931471805599453	0.9459085361020845	-0.9725782930448759	0.0	0.001935483870967742
article 377	1.0986122886681098	3.1777887764874415	1.7826353459099373	0.0020491803278688526	0.0
arise unless it	0.6931471805599453	0.3149932696723518	-0.5612426121316448	0.0	6.451612903225806E-4
article 20 shall	0.6931471805599453	0.6302959629887825	-0.7939118105865303	0.0	0.0012903225806451613
article 372	1.0986122886681098	3.1777887764874415	1.7826353459099373	0.0020491803278688526	0.0
are more	0.6931471805599453	1.2618314460621054	-1.1233127107186607	0.0	0.0025806451612903226
article 834 paragraph	0.6931471805599453	0.3149932696723518	-0.5612426121316448	0.0	6.451612903225806E-4
article 739 and	0.6931471805599453	0.3149932696723518	-0.5612426121316448	0.0	6.451612903225806E-4
are distributed prior	1.0986122886681098	3.1777887764874415	1.7826353459099373	0.0020491803278688526	0.0
are the same	0.6931471805599453	0.6302959629887825	-0.7939118105865303	0.0	0.0012903225806451613
articles 274 through	1.0986122886681098	3.1777887764874415	1.7826353459099373	0.0020491803278688526	0.0
article or	0.6931471805599453	0.6302959629887825	-0.7939118105865303	0.0	0.0012903225806451613
arrangement which is	0.6931471805599453	0.3149932696723518	-0.5612426121316448	0.0	6.451612903225806E-4
article 128	0.6931471805599453	0.3149932696723518	-0.5612426121316448	0.0	6.451612903225806E-4
are different	0.6931471805599453	0.3149932696723518	-0.5612426121316448	0.0	6.451612903225806E-4
article 129	0.6931471805599453	0.3149932696723518	-0.5612426121316448	0.0	6.451612903225806E-4
articles 928 to	0.6931471805599453	0.3149932696723518	-0.5612426121316448	0.0	6.451612903225806E-4
article 862 article	0.6931471805599453	0.3149932696723518	-0.5612426121316448	0.0	6.451612903225806E-4
are required for	0.6931471805599453	0.3149932696723518	-0.5612426121316448	0.0	6.451612903225806E-4
article 863 shall	0.6931471805599453	0.3149932696723518	-0.5612426121316448	0.0	6.451612903225806E-4
article 120	0.6931471805599453	0.3149932696723518	-0.5612426121316448	0.0	6.451612903225806E-4
articles must be	0.6931471805599453	0.3149932696723518	-0.5612426121316448	0.0	6.451612903225806E-4
article arrives after	0.6931471805599453	0.3149932696723518	-0.5612426121316448	0.0	6.451612903225806E-4
are not aware	0.6931471805599453	0.3149932696723518	-0.5612426121316448	0.0	6.451612903225806E-4
article 919 shall	0.6931471805599453	0.3149932696723518	-0.5612426121316448	0.0	6.451612903225806E-4
arose	1.791759469228055	17.3388822669825	4.163998350982203	0.01639344262295082	0.0012903225806451613
articles 121	0.6931471805599453	0.9459085361020845	-0.9725782930448759	0.0	0.001935483870967742
article 834-2	0.6931471805599453	0.3149932696723518	-0.5612426121316448	0.0	6.451612903225806E-4
arises from the	0.6931471805599453	0.3149932696723518	-0.5612426121316448	0.0	6.451612903225806E-4
articles 113	0.6931471805599453	0.3149932696723518	-0.5612426121316448	0.0	6.451612903225806E-4
article must also	0.6931471805599453	0.3149932696723518	-0.5612426121316448	0.0	6.451612903225806E-4
article 13 or	0.6931471805599453	0.3149932696723518	-0.5612426121316448	0.0	6.451612903225806E-4
arising the	0.6931471805599453	0.6302959629887825	-0.7939118105865303	0.0	0.0012903225806451613
are equivalent	0.6931471805599453	0.3149932696723518	-0.5612426121316448	0.0	6.451612903225806E-4
article 392	0.6931471805599453	0.3149932696723518	-0.5612426121316448	0.0	6.451612903225806E-4
article 644 article	0.6931471805599453	1.5780651508179553	-1.2562106315494848	0.0	0.0032258064516129032
arising from this	0.6931471805599453	0.3149932696723518	-0.5612426121316448	0.0	6.451612903225806E-4
article 424 shall	0.6931471805599453	0.3149932696723518	-0.5612426121316448	0.0	6.451612903225806E-4
article other	1.0986122886681098	3.1777887764874415	1.7826353459099373	0.0020491803278688526	0.0
article 398-16 has	1.0986122886681098	3.1777887764874415	1.7826353459099373	0.0020491803278688526	0.0
article 689 occurs	0.6931471805599453	0.3149932696723518	-0.5612426121316448	0.0	6.451612903225806E-4
are other customs	1.0986122886681098	3.1777887764874415	1.7826353459099373	0.0020491803278688526	0.0
article 383	1.3862943611198906	6.358699152951786	2.5216461196908235	0.004098360655737705	0.0
are customs	1.9459101490553132	15.920205946150807	3.9900132764379133	0.010245901639344262	0.0
article 703 and	1.0986122886681098	3.1777887764874415	1.7826353459099373	0.0020491803278688526	0.0
are registered the	1.0986122886681098	3.1777887764874415	1.7826353459099373	0.0020491803278688526	0.0
articles	0.785262469467751	2.3312361639322154	-1.52683861751405	0.022540983606557378	0.036774193548387096
are effected under	1.0986122886681098	3.1777887764874415	1.7826353459099373	0.0020491803278688526	0.0
articles 731	0.6931471805599453	0.6302959629887825	-0.7939118105865303	0.0	0.0012903225806451613
are equal	0.6931471805599453	0.3149932696723518	-0.5612426121316448	0.0	6.451612903225806E-4
articles 973	0.6931471805599453	0.3149932696723518	-0.5612426121316448	0.0	6.451612903225806E-4
article 5 article	0.6931471805599453	0.3149932696723518	-0.5612426121316448	0.0	6.451612903225806E-4
articles 977	0.6931471805599453	0.3149932696723518	-0.5612426121316448	0.0	6.451612903225806E-4
articles 976	0.6931471805599453	0.3149932696723518	-0.5612426121316448	0.0	6.451612903225806E-4
articles 973 to	0.6931471805599453	0.3149932696723518	-0.5612426121316448	0.0	6.451612903225806E-4
articles 738	0.6931471805599453	0.3149932696723518	-0.5612426121316448	0.0	6.451612903225806E-4
are not limited	1.0986122886681098	3.1777887764874415	1.7826353459099373	0.0020491803278688526	0.0
article 351 shall	1.0986122886681098	3.1777887764874415	1.7826353459099373	0.0020491803278688526	0.0
articles 192 through	1.0986122886681098	3.1777887764874415	1.7826353459099373	0.0020491803278688526	0.0
article the court	0.6931471805599453	0.3149932696723518	-0.5612426121316448	0.0	6.451612903225806E-4
articles may be	1.0986122886681098	3.1777887764874415	1.7826353459099373	0.0020491803278688526	0.0
article 948 shall	0.6931471805599453	0.3149932696723518	-0.5612426121316448	0.0	6.451612903225806E-4
article 467 shall	0.6931471805599453	0.3149932696723518	-0.5612426121316448	0.0	6.451612903225806E-4
article 871 and	0.6931471805599453	0.6302959629887825	-0.7939118105865303	0.0	0.0012903225806451613
article 738 and	0.6931471805599453	0.3149932696723518	-0.5612426121316448	0.0	6.451612903225806E-4
articles if	0.9162907318741551	0.1454088286642491	0.381325095770327	0.0020491803278688526	0.0012903225806451613
are any grounds	0.6931471805599453	0.3149932696723518	-0.5612426121316448	0.0	6.451612903225806E-4
article if the	0.9162907318741551	0.1454088286642491	0.381325095770327	0.0020491803278688526	0.0012903225806451613
arise from such	0.6931471805599453	0.6302959629887825	-0.7939118105865303	0.0	0.0012903225806451613
are different in	0.6931471805599453	0.3149932696723518	-0.5612426121316448	0.0	6.451612903225806E-4
are not inconsistent	0.6931471805599453	0.6302959629887825	-0.7939118105865303	0.0	0.0012903225806451613
article 533 shall	0.6931471805599453	1.2618314460621054	-1.1233127107186607	0.0	0.0025806451612903226
article 467 or	1.0986122886681098	3.1777887764874415	1.7826353459099373	0.0020491803278688526	0.0
are harmed due	0.6931471805599453	0.6302959629887825	-0.7939118105865303	0.0	0.0012903225806451613
article shall apply	0.780158557549575	0.526466061912704	-0.7255798108497121	0.004098360655737705	0.0070967741935483875
article 876-4 shall	0.6931471805599453	0.3149932696723518	-0.5612426121316448	0.0	6.451612903225806E-4
article 956 shall	0.6931471805599453	0.3149932696723518	-0.5612426121316448	0.0	6.451612903225806E-4
article 717 paragraph	0.6931471805599453	0.3149932696723518	-0.5612426121316448	0.0	6.451612903225806E-4
articles 27 to	0.6931471805599453	1.5780651508179553	-1.2562106315494848	0.0	0.0032258064516129032
article is	1.3862943611198906	6.030926588301264	2.4557944922776547	0.00819672131147541	0.0012903225806451613
articles the principal	0.6931471805599453	0.3149932696723518	-0.5612426121316448	0.0	6.451612903225806E-4
article it	0.6931471805599453	0.6302959629887825	-0.7939118105865303	0.0	0.0012903225806451613
are any	0.6931471805599453	0.6302959629887825	-0.7939118105865303	0.0	0.0012903225806451613
articles 853 to	0.6931471805599453	0.3149932696723518	-0.5612426121316448	0.0	6.451612903225806E-4
article 901 article	0.6931471805599453	0.3149932696723518	-0.5612426121316448	0.0	6.451612903225806E-4
article 941 an	0.6931471805599453	0.3149932696723518	-0.5612426121316448	0.0	6.451612903225806E-4
are silbings	0.6931471805599453	0.3149932696723518	-0.5612426121316448	0.0	6.451612903225806E-4
are silbings of	0.6931471805599453	0.3149932696723518	-0.5612426121316448	0.0	6.451612903225806E-4
are as follows	0.6931471805599453	0.3149932696723518	-0.5612426121316448	0.0	6.451612903225806E-4
article if	0.9808292530117262	0.7094337986938414	0.8422789316454743	0.004098360655737705	0.001935483870967742
article 'oral instruction'	0.6931471805599453	0.3149932696723518	-0.5612426121316448	0.0	6.451612903225806E-4
are judged to	0.6931471805599453	0.3149932696723518	-0.5612426121316448	0.0	6.451612903225806E-4
article in	0.8472978603872037	0.0024492810481986037	0.04949021164026886	0.0020491803278688526	0.001935483870967742
are only established	1.0986122886681098	3.1777887764874415	1.7826353459099373	0.0020491803278688526	0.0
article ii	1.0986122886681098	3.1777887764874415	1.7826353459099373	0.0020491803278688526	0.0
article 927 within	0.6931471805599453	0.3149932696723518	-0.5612426121316448	0.0	6.451612903225806E-4
articles a decedent	0.6931471805599453	0.3149932696723518	-0.5612426121316448	0.0	6.451612903225806E-4
arises by novation	0.6931471805599453	0.3149932696723518	-0.5612426121316448	0.0	6.451612903225806E-4
article 915 shall	0.6931471805599453	0.3149932696723518	-0.5612426121316448	0.0	6.451612903225806E-4
are extremely harmed	0.6931471805599453	0.3149932696723518	-0.5612426121316448	0.0	6.451612903225806E-4
articles 943	0.6931471805599453	0.3149932696723518	-0.5612426121316448	0.0	6.451612903225806E-4
article 634 or	0.6931471805599453	0.3149932696723518	-0.5612426121316448	0.0	6.451612903225806E-4
article 843 and	0.6931471805599453	0.6302959629887825	-0.7939118105865303	0.0	0.0012903225806451613
article 462 shall	0.6931471805599453	0.3149932696723518	-0.5612426121316448	0.0	6.451612903225806E-4
article shall have	0.6931471805599453	0.6302959629887825	-0.7939118105865303	0.0	0.0012903225806451613
article 7 exists	0.6931471805599453	0.3149932696723518	-0.5612426121316448	0.0	6.451612903225806E-4
article 383 files	1.0986122886681098	3.1777887764874415	1.7826353459099373	0.0020491803278688526	0.0
article 602 ii	0.6931471805599453	0.3149932696723518	-0.5612426121316448	0.0	6.451612903225806E-4
article 887 or	0.6931471805599453	0.3149932696723518	-0.5612426121316448	0.0	6.451612903225806E-4
article 15 or	0.6931471805599453	0.3149932696723518	-0.5612426121316448	0.0	6.451612903225806E-4
article through article	1.0986122886681098	3.1777887764874415	1.7826353459099373	0.0020491803278688526	0.0
article 'oral	0.6931471805599453	0.3149932696723518	-0.5612426121316448	0.0	6.451612903225806E-4
arrangement	0.6931471805599453	0.3149932696723518	-0.5612426121316448	0.0	6.451612903225806E-4
article 739 applied	0.6931471805599453	1.2618314460621054	-1.1233127107186607	0.0	0.0025806451612903226
are established in	1.0986122886681098	3.1777887764874415	1.7826353459099373	0.0020491803278688526	0.0
are common to	0.6931471805599453	0.3149932696723518	-0.5612426121316448	0.0	6.451612903225806E-4
articles 766	0.6931471805599453	0.6302959629887825	-0.7939118105865303	0.0	0.0012903225806451613
article any of	0.6931471805599453	0.3149932696723518	-0.5612426121316448	0.0	6.451612903225806E-4
article 129 shall	0.6931471805599453	0.3149932696723518	-0.5612426121316448	0.0	6.451612903225806E-4
article 876-9 are	0.6931471805599453	0.3149932696723518	-0.5612426121316448	0.0	6.451612903225806E-4
are other	1.0986122886681098	3.1777887764874415	1.7826353459099373	0.0020491803278688526	0.0
article 851 shall	0.6931471805599453	0.6302959629887825	-0.7939118105865303	0.0	0.0012903225806451613
article he	1.0986122886681098	0.7462664607140223	0.8638671545521467	0.0020491803278688526	6.451612903225806E-4
article 876-4	0.6931471805599453	0.3149932696723518	-0.5612426121316448	0.0	6.451612903225806E-4
article those customs	1.0986122886681098	3.1777887764874415	1.7826353459099373	0.0020491803278688526	0.0
article 876-5	0.6931471805599453	0.3149932696723518	-0.5612426121316448	0.0	6.451612903225806E-4
are insufficient	0.6931471805599453	0.3149932696723518	-0.5612426121316448	0.0	6.451612903225806E-4
area of	0.6931471805599453	0.6302959629887825	-0.7939118105865303	0.0	0.0012903225806451613
are specified	0.6931471805599453	0.3149932696723518	-0.5612426121316448	0.0	6.451612903225806E-4
article 650 excluding	0.6931471805599453	0.3149932696723518	-0.5612426121316448	0.0	6.451612903225806E-4
article 876-9	0.6931471805599453	0.6302959629887825	-0.7939118105865303	0.0	0.0012903225806451613
are the delivery	1.0986122886681098	3.1777887764874415	1.7826353459099373	0.0020491803278688526	0.0
are required	0.6931471805599453	0.3149932696723518	-0.5612426121316448	0.0	6.451612903225806E-4
article 561 through	0.6931471805599453	0.3149932696723518	-0.5612426121316448	0.0	6.451612903225806E-4
are severed from	0.6931471805599453	0.3149932696723518	-0.5612426121316448	0.0	6.451612903225806E-4
are deemed	0.6931471805599453	0.3149932696723518	-0.5612426121316448	0.0	6.451612903225806E-4
arts and sciences	0.6931471805599453	0.3149932696723518	-0.5612426121316448	0.0	6.451612903225806E-4
are cases when	0.6931471805599453	0.3149932696723518	-0.5612426121316448	0.0	6.451612903225806E-4
articles of incorporation	0.6931471805599453	0.6302959629887825	-0.7939118105865303	0.0	0.0012903225806451613
arbitration act	0.6931471805599453	0.3149932696723518	-0.5612426121316448	0.0	6.451612903225806E-4
articles 1011 to	0.6931471805599453	0.3149932696723518	-0.5612426121316448	0.0	6.451612903225806E-4
article 876-5 shall	0.6931471805599453	0.3149932696723518	-0.5612426121316448	0.0	6.451612903225806E-4
article 772 a	0.6931471805599453	0.3149932696723518	-0.5612426121316448	0.0	6.451612903225806E-4
article 819 or	0.6931471805599453	0.3149932696723518	-0.5612426121316448	0.0	6.451612903225806E-4
are two	0.9162907318741551	0.4375164608157913	0.6614502708562385	0.006147540983606557	0.003870967741935484
articles 744	0.6931471805599453	0.3149932696723518	-0.5612426121316448	0.0	6.451612903225806E-4
arrival to	0.6931471805599453	0.6302959629887825	-0.7939118105865303	0.0	0.0012903225806451613
are assumed	1.0986122886681098	3.1777887764874415	1.7826353459099373	0.0020491803278688526	0.0
arising from that	0.6931471805599453	0.3149932696723518	-0.5612426121316448	0.0	6.451612903225806E-4
article 296 article	1.0986122886681098	3.1777887764874415	1.7826353459099373	0.0020491803278688526	0.0
arisen with respect	1.0986122886681098	3.1777887764874415	1.7826353459099373	0.0020491803278688526	0.0
are delegated to	0.6931471805599453	0.3149932696723518	-0.5612426121316448	0.0	6.451612903225806E-4
article 851 article	0.6931471805599453	0.6302959629887825	-0.7939118105865303	0.0	0.0012903225806451613
are to give	0.6931471805599453	0.3149932696723518	-0.5612426121316448	0.0	6.451612903225806E-4
are grounds	0.6931471805599453	0.3149932696723518	-0.5612426121316448	0.0	6.451612903225806E-4
article 850	0.6931471805599453	0.6302959629887825	-0.7939118105865303	0.0	0.0012903225806451613
article 851	0.6931471805599453	0.6302959629887825	-0.7939118105865303	0.0	0.0012903225806451613
article 799 and	0.6931471805599453	0.3149932696723518	-0.5612426121316448	0.0	6.451612903225806E-4
are established	1.3862943611198906	6.358699152951786	2.5216461196908235	0.004098360655737705	0.0
article if a	1.0986122886681098	3.1777887764874415	1.7826353459099373	0.0020491803278688526	0.0
are heirs	0.6931471805599453	0.6302959629887825	-0.7939118105865303	0.0	0.0012903225806451613
article the seller	0.6931471805599453	0.3149932696723518	-0.5612426121316448	0.0	6.451612903225806E-4
are pending	0.6931471805599453	0.3149932696723518	-0.5612426121316448	0.0	6.451612903225806E-4
article 296 shall	1.0986122886681098	3.1777887764874415	1.7826353459099373	0.0020491803278688526	0.0
arrival referred to	0.6931471805599453	0.6302959629887825	-0.7939118105865303	0.0	0.0012903225806451613
article 862 shall	0.6931471805599453	0.9459085361020845	-0.9725782930448759	0.0	0.001935483870967742
article 617	0.6931471805599453	0.3149932696723518	-0.5612426121316448	0.0	6.451612903225806E-4
arrived due to	0.6931471805599453	0.3149932696723518	-0.5612426121316448	0.0	6.451612903225806E-4
article 600	0.6931471805599453	0.3149932696723518	-0.5612426121316448	0.0	6.451612903225806E-4
article 843	0.6931471805599453	1.5780651508179553	-1.2562106315494848	0.0	0.0032258064516129032
article 844	0.6931471805599453	1.5780651508179553	-1.2562106315494848	0.0	0.0032258064516129032
article 602	0.6931471805599453	0.6302959629887825	-0.7939118105865303	0.0	0.0012903225806451613
article 840	0.6931471805599453	0.3149932696723518	-0.5612426121316448	0.0	6.451612903225806E-4
are insufficient funds	0.6931471805599453	0.3149932696723518	-0.5612426121316448	0.0	6.451612903225806E-4
article 500 if	0.6931471805599453	0.3149932696723518	-0.5612426121316448	0.0	6.451612903225806E-4
arose from	1.791759469228055	12.729903122330223	3.567898978717057	0.00819672131147541	0.0
article 646 paragraph	0.6931471805599453	0.3149932696723518	-0.5612426121316448	0.0	6.451612903225806E-4
are installed after	1.0986122886681098	3.1777887764874415	1.7826353459099373	0.0020491803278688526	0.0
article 372 provided	1.0986122886681098	3.1777887764874415	1.7826353459099373	0.0020491803278688526	0.0
article 846	0.6931471805599453	0.9459085361020845	-0.9725782930448759	0.0	0.001935483870967742
article 847	0.6931471805599453	0.9459085361020845	-0.9725782930448759	0.0	0.001935483870967742
article 817-2 shall	0.6931471805599453	0.3149932696723518	-0.5612426121316448	0.0	6.451612903225806E-4
arising from	0.9808292530117262	1.422365791661321	1.1926297797981238	0.00819672131147541	0.003870967741935484
article 17 or	0.6931471805599453	0.3149932696723518	-0.5612426121316448	0.0	6.451612903225806E-4
article 634	0.6931471805599453	0.6302959629887825	-0.7939118105865303	0.0	0.0012903225806451613
article 635	0.6931471805599453	0.3149932696723518	-0.5612426121316448	0.0	6.451612903225806E-4
articles 488 to	0.6931471805599453	0.3149932696723518	-0.5612426121316448	0.0	6.451612903225806E-4
article 871	0.6931471805599453	0.6302959629887825	-0.7939118105865303	0.0	0.0012903225806451613
article 872	0.6931471805599453	0.3149932696723518	-0.5612426121316448	0.0	6.451612903225806E-4
are made	1.0986122886681098	0.7462664607140223	0.8638671545521467	0.0020491803278688526	6.451612903225806E-4
article 873	0.6931471805599453	0.6302959629887825	-0.7939118105865303	0.0	0.0012903225806451613
are rights	0.6931471805599453	0.6302959629887825	-0.7939118105865303	0.0	0.0012903225806451613
articles of	0.6931471805599453	0.6302959629887825	-0.7939118105865303	0.0	0.0012903225806451613
article 870	0.6931471805599453	0.6302959629887825	-0.7939118105865303	0.0	0.0012903225806451613
article 566 and	0.6931471805599453	0.3149932696723518	-0.5612426121316448	0.0	6.451612903225806E-4
articles 820 to	0.6931471805599453	0.3149932696723518	-0.5612426121316448	0.0	6.451612903225806E-4
article 817-2	0.6931471805599453	0.6302959629887825	-0.7939118105865303	0.0	0.0012903225806451613
article 817-3	0.6931471805599453	0.3149932696723518	-0.5612426121316448	0.0	6.451612903225806E-4
article the counterparty	0.6931471805599453	0.3149932696723518	-0.5612426121316448	0.0	6.451612903225806E-4
are not revolving	1.0986122886681098	3.1777887764874415	1.7826353459099373	0.0020491803278688526	0.0
are registered	1.3862943611198906	6.358699152951786	2.5216461196908235	0.004098360655737705	0.0
article partners	0.6931471805599453	0.3149932696723518	-0.5612426121316448	0.0	6.451612903225806E-4
article 637	0.6931471805599453	0.3149932696723518	-0.5612426121316448	0.0	6.451612903225806E-4
arise unless	0.6931471805599453	0.6302959629887825	-0.7939118105865303	0.0	0.0012903225806451613
article shall belong	0.6931471805599453	0.3149932696723518	-0.5612426121316448	0.0	6.451612903225806E-4
article 624	0.6931471805599453	0.6302959629887825	-0.7939118105865303	0.0	0.0012903225806451613
article the advertiser	0.6931471805599453	0.3149932696723518	-0.5612426121316448	0.0	6.451612903225806E-4
article 861	0.6931471805599453	1.5780651508179553	-1.2562106315494848	0.0	0.0032258064516129032
article 862	0.6931471805599453	1.5780651508179553	-1.2562106315494848	0.0	0.0032258064516129032
article 620	0.6931471805599453	0.9459085361020845	-0.9725782930448759	0.0	0.001935483870967742
article 863	0.6931471805599453	0.6302959629887825	-0.7939118105865303	0.0	0.0012903225806451613
are due and	0.6931471805599453	0.3149932696723518	-0.5612426121316448	0.0	6.451612903225806E-4
are not a	0.6931471805599453	1.2618314460621054	-1.1233127107186607	0.0	0.0025806451612903226
article 196 provided	0.6931471805599453	0.6302959629887825	-0.7939118105865303	0.0	0.0012903225806451613
are regarded	0.6931471805599453	1.2618314460621054	-1.1233127107186607	0.0	0.0025806451612903226
article 583 shall	0.6931471805599453	0.3149932696723518	-0.5612426121316448	0.0	6.451612903225806E-4
article 817-9	0.6931471805599453	0.6302959629887825	-0.7939118105865303	0.0	0.0012903225806451613
are heirs the	0.6931471805599453	0.3149932696723518	-0.5612426121316448	0.0	6.451612903225806E-4
article 654 article	0.6931471805599453	1.5780651508179553	-1.2562106315494848	0.0	0.0032258064516129032
article 627	0.6931471805599453	0.6302959629887825	-0.7939118105865303	0.0	0.0012903225806451613
article the location	1.0986122886681098	3.1777887764874415	1.7826353459099373	0.0020491803278688526	0.0
are distributed	1.0986122886681098	3.1777887764874415	1.7826353459099373	0.0020491803278688526	0.0
article 816 shall	0.6931471805599453	0.3149932696723518	-0.5612426121316448	0.0	6.451612903225806E-4
article 811	0.6931471805599453	0.6302959629887825	-0.7939118105865303	0.0	0.0012903225806451613
article 68-3 of	1.0986122886681098	3.1777887764874415	1.7826353459099373	0.0020491803278688526	0.0
are able	0.6931471805599453	0.3149932696723518	-0.5612426121316448	0.0	6.451612903225806E-4
article 446 shall	0.6931471805599453	0.6302959629887825	-0.7939118105865303	0.0	0.0012903225806451613
arise from the	0.6931471805599453	1.2618314460621054	-1.1233127107186607	0.0	0.0025806451612903226
article 968 and	0.6931471805599453	0.3149932696723518	-0.5612426121316448	0.0	6.451612903225806E-4
article the lessee	0.6931471805599453	0.3149932696723518	-0.5612426121316448	0.0	6.451612903225806E-4
article 634 within	0.6931471805599453	0.3149932696723518	-0.5612426121316448	0.0	6.451612903225806E-4
arrives after	0.6931471805599453	0.9459085361020845	-0.9725782930448759	0.0	0.001935483870967742
article 583 in	0.6931471805599453	0.3149932696723518	-0.5612426121316448	0.0	6.451612903225806E-4
article 819	0.6931471805599453	0.6302959629887825	-0.7939118105865303	0.0	0.0012903225806451613
article 816	0.6931471805599453	0.3149932696723518	-0.5612426121316448	0.0	6.451612903225806E-4
are a couple	0.6931471805599453	1.2618314460621054	-1.1233127107186607	0.0	0.0025806451612903226
article 941 provided	0.6931471805599453	0.3149932696723518	-0.5612426121316448	0.0	6.451612903225806E-4
article 647 shall	0.6931471805599453	0.3149932696723518	-0.5612426121316448	0.0	6.451612903225806E-4
arrives prior	1.0986122886681098	3.1777887764874415	1.7826353459099373	0.0020491803278688526	0.0
articles 804	0.6931471805599453	0.3149932696723518	-0.5612426121316448	0.0	6.451612903225806E-4
arose under the	1.3862943611198906	6.358699152951786	2.5216461196908235	0.004098360655737705	0.0
arbitrate referring to	0.6931471805599453	0.3149932696723518	-0.5612426121316448	0.0	6.451612903225806E-4
arises through	0.6931471805599453	0.3149932696723518	-0.5612426121316448	0.0	6.451612903225806E-4
arise if a	0.6931471805599453	0.3149932696723518	-0.5612426121316448	0.0	6.451612903225806E-4
are delegated	0.6931471805599453	0.3149932696723518	-0.5612426121316448	0.0	6.451612903225806E-4
article 832	0.6931471805599453	0.9459085361020845	-0.9725782930448759	0.0	0.001935483870967742
article 834	0.6931471805599453	0.3149932696723518	-0.5612426121316448	0.0	6.451612903225806E-4
article 830	0.6931471805599453	0.3149932696723518	-0.5612426121316448	0.0	6.451612903225806E-4
arise or if	0.6931471805599453	0.3149932696723518	-0.5612426121316448	0.0	6.451612903225806E-4
arise in	1.0986122886681098	3.1777887764874415	1.7826353459099373	0.0020491803278688526	0.0
article thereby	0.6931471805599453	0.3149932696723518	-0.5612426121316448	0.0	6.451612903225806E-4
article 843 article	0.6931471805599453	0.9459085361020845	-0.9725782930448759	0.0	0.001935483870967742
article 728 or	0.6931471805599453	0.3149932696723518	-0.5612426121316448	0.0	6.451612903225806E-4
arrive before the	0.6931471805599453	0.3149932696723518	-0.5612426121316448	0.0	6.451612903225806E-4
arise if	0.6931471805599453	0.6302959629887825	-0.7939118105865303	0.0	0.0012903225806451613
article 976 to	0.6931471805599453	0.3149932696723518	-0.5612426121316448	0.0	6.451612903225806E-4
arrived at	0.6931471805599453	0.3149932696723518	-0.5612426121316448	0.0	6.451612903225806E-4
article 820	0.6931471805599453	0.3149932696723518	-0.5612426121316448	0.0	6.451612903225806E-4
article 846 article	0.6931471805599453	0.9459085361020845	-0.9725782930448759	0.0	0.001935483870967742
article the	0.7259370033829363	2.772701720458876	-1.6651431531429595	0.0020491803278688526	0.00967741935483871
article without objection	0.6931471805599453	0.3149932696723518	-0.5612426121316448	0.0	6.451612903225806E-4
arrived due	0.6931471805599453	0.3149932696723518	-0.5612426121316448	0.0	6.451612903225806E-4
article 824	0.6931471805599453	0.9459085361020845	-0.9725782930448759	0.0	0.001935483870967742
article 826	0.6931471805599453	0.3149932696723518	-0.5612426121316448	0.0	6.451612903225806E-4
article and	0.9162907318741551	0.1454088286642491	0.381325095770327	0.0020491803278688526	0.0012903225806451613
article 774 shall	0.6931471805599453	0.3149932696723518	-0.5612426121316448	0.0	6.451612903225806E-4
arose and	0.6931471805599453	0.3149932696723518	-0.5612426121316448	0.0	6.451612903225806E-4
article 453	0.6931471805599453	0.3149932696723518	-0.5612426121316448	0.0	6.451612903225806E-4
article 312 through	1.0986122886681098	3.1777887764874415	1.7826353459099373	0.0020491803278688526	0.0
arts and	0.6931471805599453	0.3149932696723518	-0.5612426121316448	0.0	6.451612903225806E-4
article 691	0.6931471805599453	0.3149932696723518	-0.5612426121316448	0.0	6.451612903225806E-4
article 210	1.0986122886681098	3.1777887764874415	1.7826353459099373	0.0020491803278688526	0.0
article 452	0.6931471805599453	0.3149932696723518	-0.5612426121316448	0.0	6.451612903225806E-4
article other rights	1.0986122886681098	3.1777887764874415	1.7826353459099373	0.0020491803278688526	0.0
are incapable of	0.6931471805599453	0.3149932696723518	-0.5612426121316448	0.0	6.451612903225806E-4
arrived within the	0.6931471805599453	0.3149932696723518	-0.5612426121316448	0.0	6.451612903225806E-4
are common	0.6931471805599453	0.3149932696723518	-0.5612426121316448	0.0	6.451612903225806E-4
are real rights	1.0986122886681098	3.1777887764874415	1.7826353459099373	0.0020491803278688526	0.0
article 832 shall	0.6931471805599453	0.9459085361020845	-0.9725782930448759	0.0	0.001935483870967742
article the person	0.6931471805599453	0.3149932696723518	-0.5612426121316448	0.0	6.451612903225806E-4
article 446	0.6931471805599453	0.6302959629887825	-0.7939118105865303	0.0	0.0012903225806451613
article is deaf	0.6931471805599453	0.3149932696723518	-0.5612426121316448	0.0	6.451612903225806E-4
article 689	0.6931471805599453	0.3149932696723518	-0.5612426121316448	0.0	6.451612903225806E-4
article 162 shall	0.6931471805599453	0.3149932696723518	-0.5612426121316448	0.0	6.451612903225806E-4
article 733 if	0.6931471805599453	0.6302959629887825	-0.7939118105865303	0.0	0.0012903225806451613
article 398-4 shall	1.3862943611198906	6.358699152951786	2.5216461196908235	0.004098360655737705	0.0
article 442	0.6931471805599453	0.3149932696723518	-0.5612426121316448	0.0	6.451612903225806E-4
arising	1.0116009116784799	2.768585867377972	1.6639068085015976	0.012295081967213115	0.005161290322580645
arrival referred	0.6931471805599453	0.6302959629887825	-0.7939118105865303	0.0	0.0012903225806451613
article 443	0.6931471805599453	0.6302959629887825	-0.7939118105865303	0.0	0.0012903225806451613
arise	0.750305594399894	1.8962737116875337	-1.3770525449987499	0.004098360655737705	0.01096774193548387
article 202	1.0986122886681098	3.1777887764874415	1.7826353459099373	0.0020491803278688526	0.0
are reasonable grounds	1.0986122886681098	3.1777887764874415	1.7826353459099373	0.0020491803278688526	0.0
article 624 1	0.6931471805599453	0.3149932696723518	-0.5612426121316448	0.0	6.451612903225806E-4
article ii if	1.0986122886681098	3.1777887764874415	1.7826353459099373	0.0020491803278688526	0.0
articles 766 to	0.6931471805599453	0.6302959629887825	-0.7939118105865303	0.0	0.0012903225806451613
article 427 shall	0.6931471805599453	0.3149932696723518	-0.5612426121316448	0.0	6.451612903225806E-4
article 537 against	0.6931471805599453	0.3149932696723518	-0.5612426121316448	0.0	6.451612903225806E-4
are effected	1.0986122886681098	3.1777887764874415	1.7826353459099373	0.0020491803278688526	0.0
article 398-16 shall	1.0986122886681098	3.1777887764874415	1.7826353459099373	0.0020491803278688526	0.0
article 976 shall	0.6931471805599453	0.3149932696723518	-0.5612426121316448	0.0	6.451612903225806E-4
article 627 even	0.6931471805599453	0.3149932696723518	-0.5612426121316448	0.0	6.451612903225806E-4
arose in the	1.0986122886681098	3.1777887764874415	1.7826353459099373	0.0020491803278688526	0.0
are so joined	1.3862943611198906	6.358699152951786	2.5216461196908235	0.004098360655737705	0.0
article 859-2	0.6931471805599453	1.5780651508179553	-1.2562106315494848	0.0	0.0032258064516129032
are unavoidable	0.7731898882334817	0.359867917937527	-0.5998899215168788	0.0020491803278688526	0.003870967741935484
article 769 and	0.6931471805599453	0.3149932696723518	-0.5612426121316448	0.0	6.451612903225806E-4
article 891 or	0.6931471805599453	0.6302959629887825	-0.7939118105865303	0.0	0.0012903225806451613
are defective a	0.6931471805599453	0.3149932696723518	-0.5612426121316448	0.0	6.451612903225806E-4
article 859-3	0.6931471805599453	1.5780651508179553	-1.2562106315494848	0.0	0.0032258064516129032
are married without	0.6931471805599453	0.3149932696723518	-0.5612426121316448	0.0	6.451612903225806E-4
article thereby precluding	0.6931471805599453	0.3149932696723518	-0.5612426121316448	0.0	6.451612903225806E-4
articles 392 and	1.0986122886681098	3.1777887764874415	1.7826353459099373	0.0020491803278688526	0.0
article it shall	0.6931471805599453	0.3149932696723518	-0.5612426121316448	0.0	6.451612903225806E-4
articles 392	1.0986122886681098	3.1777887764874415	1.7826353459099373	0.0020491803278688526	0.0
article 844 to	0.6931471805599453	0.6302959629887825	-0.7939118105865303	0.0	0.0012903225806451613
article 17 which	0.6931471805599453	0.3149932696723518	-0.5612426121316448	0.0	6.451612903225806E-4
article 97	0.6931471805599453	0.3149932696723518	-0.5612426121316448	0.0	6.451612903225806E-4
article 468	0.6931471805599453	0.3149932696723518	-0.5612426121316448	0.0	6.451612903225806E-4
article through	1.0986122886681098	3.1777887764874415	1.7826353459099373	0.0020491803278688526	0.0
article 229	1.3862943611198906	6.358699152951786	2.5216461196908235	0.004098360655737705	0.0
article 733 may	0.6931471805599453	0.3149932696723518	-0.5612426121316448	0.0	6.451612903225806E-4
article 225	1.0986122886681098	3.1777887764874415	1.7826353459099373	0.0020491803278688526	0.0
article 467	1.3862943611198906	3.011017893716995	1.73522848458553	0.004098360655737705	6.451612903225806E-4
article 462	0.6931471805599453	0.3149932696723518	-0.5612426121316448	0.0	6.451612903225806E-4
arising from certain	1.0986122886681098	3.1777887764874415	1.7826353459099373	0.0020491803278688526	0.0
arises with respect	0.6931471805599453	0.6302959629887825	-0.7939118105865303	0.0	0.0012903225806451613
article are satisfied	1.0986122886681098	3.1777887764874415	1.7826353459099373	0.0020491803278688526	0.0
article any	0.6931471805599453	0.6302959629887825	-0.7939118105865303	0.0	0.0012903225806451613
article 465-3	0.6931471805599453	0.3149932696723518	-0.5612426121316448	0.0	6.451612903225806E-4
article 465-2	0.6931471805599453	0.3149932696723518	-0.5612426121316448	0.0	6.451612903225806E-4
are incapable	0.6931471805599453	0.6302959629887825	-0.7939118105865303	0.0	0.0012903225806451613
article 648 shall	0.6931471805599453	0.3149932696723518	-0.5612426121316448	0.0	6.451612903225806E-4
articles 380	1.0986122886681098	3.1777887764874415	1.7826353459099373	0.0020491803278688526	0.0
article 167 shall	1.0986122886681098	3.1777887764874415	1.7826353459099373	0.0020491803278688526	0.0
article 897	0.6931471805599453	0.3149932696723518	-0.5612426121316448	0.0	6.451612903225806E-4
article 655	0.6931471805599453	2.5286356268870174	-1.5901684272073249	0.0	0.005161290322580645
article 551 shall	0.6931471805599453	0.3149932696723518	-0.5612426121316448	0.0	6.451612903225806E-4
article 731 may	0.6931471805599453	0.3149932696723518	-0.5612426121316448	0.0	6.451612903225806E-4
article 392 of	0.6931471805599453	0.3149932696723518	-0.5612426121316448	0.0	6.451612903225806E-4
article 654	0.6931471805599453	2.5286356268870174	-1.5901684272073249	0.0	0.005161290322580645
articles 977 to	0.6931471805599453	0.3149932696723518	-0.5612426121316448	0.0	6.451612903225806E-4
article 443 shall	0.6931471805599453	0.6302959629887825	-0.7939118105865303	0.0	0.0012903225806451613
article 891	0.6931471805599453	0.9459085361020845	-0.9725782930448759	0.0	0.001935483870967742
are not performed	1.0986122886681098	3.1777887764874415	1.7826353459099373	0.0020491803278688526	0.0
article 650	0.6931471805599453	1.8946101092202183	-1.3764483678003394	0.0	0.003870967741935484
arrived within	0.6931471805599453	0.3149932696723518	-0.5612426121316448	0.0	6.451612903225806E-4
arises due	0.6931471805599453	0.6302959629887825	-0.7939118105865303	0.0	0.0012903225806451613
are incurred	0.6931471805599453	0.3149932696723518	-0.5612426121316448	0.0	6.451612903225806E-4
arise or	0.6931471805599453	0.3149932696723518	-0.5612426121316448	0.0	6.451612903225806E-4
article 811 and	0.6931471805599453	0.3149932696723518	-0.5612426121316448	0.0	6.451612903225806E-4
article those	1.0986122886681098	3.1777887764874415	1.7826353459099373	0.0020491803278688526	0.0
are not registered	1.6094379124341003	9.542735731260322	3.089131873400733	0.006147540983606557	0.0
article 597 and	0.6931471805599453	0.3149932696723518	-0.5612426121316448	0.0	6.451612903225806E-4
article 417	0.6931471805599453	0.3149932696723518	-0.5612426121316448	0.0	6.451612903225806E-4
arises due to	0.6931471805599453	0.6302959629887825	-0.7939118105865303	0.0	0.0012903225806451613
article 402	0.6931471805599453	0.3149932696723518	-0.5612426121316448	0.0	6.451612903225806E-4
article 886	0.6931471805599453	0.3149932696723518	-0.5612426121316448	0.0	6.451612903225806E-4
article 644	0.6931471805599453	1.8946101092202183	-1.3764483678003394	0.0	0.003870967741935484
article 887	0.6931471805599453	1.5780651508179553	-1.2562106315494848	0.0	0.0032258064516129032
article 645	0.6931471805599453	0.9459085361020845	-0.9725782930448759	0.0	0.001935483870967742
article 646	0.6931471805599453	1.2618314460621054	-1.1233127107186607	0.0	0.0025806451612903226
article 889	0.6931471805599453	0.3149932696723518	-0.5612426121316448	0.0	6.451612903225806E-4
article 647	0.6931471805599453	0.3149932696723518	-0.5612426121316448	0.0	6.451612903225806E-4
article 401	0.6931471805599453	0.3149932696723518	-0.5612426121316448	0.0	6.451612903225806E-4
article 183 of	1.0986122886681098	3.1777887764874415	1.7826353459099373	0.0020491803278688526	0.0
article 242 through	1.3862943611198906	6.358699152951786	2.5216461196908235	0.004098360655737705	0.0
article 770 shall	0.6931471805599453	0.3149932696723518	-0.5612426121316448	0.0	6.451612903225806E-4
article 927 shall	0.6931471805599453	0.6302959629887825	-0.7939118105865303	0.0	0.0012903225806451613
article 927 and	0.6931471805599453	0.3149932696723518	-0.5612426121316448	0.0	6.451612903225806E-4
arises through a	0.6931471805599453	0.3149932696723518	-0.5612426121316448	0.0	6.451612903225806E-4
article 423 the	0.6931471805599453	0.3149932696723518	-0.5612426121316448	0.0	6.451612903225806E-4
article 648	0.6931471805599453	0.3149932696723518	-0.5612426121316448	0.0	6.451612903225806E-4
article 7 or	0.6931471805599453	0.3149932696723518	-0.5612426121316448	0.0	6.451612903225806E-4
article 796 provided	0.6931471805599453	0.3149932696723518	-0.5612426121316448	0.0	6.451612903225806E-4
are the	1.0986122886681098	4.499699449201627	2.1212495018742206	0.012295081967213115	0.003870967741935484
arise in the	1.0986122886681098	3.1777887764874415	1.7826353459099373	0.0020491803278688526	0.0
are evident prior	0.6931471805599453	0.3149932696723518	-0.5612426121316448	0.0	6.451612903225806E-4
article 654 and	0.6931471805599453	0.9459085361020845	-0.9725782930448759	0.0	0.001935483870967742
articles 442 to	0.6931471805599453	0.3149932696723518	-0.5612426121316448	0.0	6.451612903225806E-4
are in continuous	1.0986122886681098	3.1777887764874415	1.7826353459099373	0.0020491803278688526	0.0
article 840 and	0.6931471805599453	0.3149932696723518	-0.5612426121316448	0.0	6.451612903225806E-4
are customs that	1.9459101490553132	15.920205946150807	3.9900132764379133	0.010245901639344262	0.0
arrival	0.7339691750802005	1.8977208563782157	-1.3775778948495856	0.0020491803278688526	0.007741935483870968
article 453 if	0.6931471805599453	0.3149932696723518	-0.5612426121316448	0.0	6.451612903225806E-4
are made with	1.0986122886681098	3.1777887764874415	1.7826353459099373	0.0020491803278688526	0.0
are regarded as	0.6931471805599453	1.2618314460621054	-1.1233127107186607	0.0	0.0025806451612903226
article 670	0.6931471805599453	0.3149932696723518	-0.5612426121316448	0.0	6.451612903225806E-4
articles 243 to	0.6931471805599453	0.3149932696723518	-0.5612426121316448	0.0	6.451612903225806E-4
articles 744 to	0.6931471805599453	0.3149932696723518	-0.5612426121316448	0.0	6.451612903225806E-4
are already with	0.6931471805599453	0.3149932696723518	-0.5612426121316448	0.0	6.451612903225806E-4
article inclusive	0.6931471805599453	0.6302959629887825	-0.7939118105865303	0.0	0.0012903225806451613
article 672	0.6931471805599453	0.3149932696723518	-0.5612426121316448	0.0	6.451612903225806E-4
are due the	0.6931471805599453	0.3149932696723518	-0.5612426121316448	0.0	6.451612903225806E-4
are specified solely	0.6931471805599453	0.3149932696723518	-0.5612426121316448	0.0	6.451612903225806E-4
articles 943 to	0.6931471805599453	0.3149932696723518	-0.5612426121316448	0.0	6.451612903225806E-4
article 645 through	0.6931471805599453	0.3149932696723518	-0.5612426121316448	0.0	6.451612903225806E-4
article 229 to	1.0986122886681098	3.1777887764874415	1.7826353459099373	0.0020491803278688526	0.0
articles 192	1.0986122886681098	3.1777887764874415	1.7826353459099373	0.0020491803278688526	0.0
article the parties	0.6931471805599453	0.3149932696723518	-0.5612426121316448	0.0	6.451612903225806E-4
articles 27	0.6931471805599453	1.5780651508179553	-1.2562106315494848	0.0	0.0032258064516129032
article he she	1.0986122886681098	0.7462664607140223	0.8638671545521467	0.0020491803278688526	6.451612903225806E-4
article 424	1.0986122886681098	0.7462664607140223	0.8638671545521467	0.0020491803278688526	6.451612903225806E-4
article inclusive any	0.6931471805599453	0.3149932696723518	-0.5612426121316448	0.0	6.451612903225806E-4
article 427	0.6931471805599453	0.3149932696723518	-0.5612426121316448	0.0	6.451612903225806E-4
article 442 shall	0.6931471805599453	0.3149932696723518	-0.5612426121316448	0.0	6.451612903225806E-4
are incapable or	0.6931471805599453	0.3149932696723518	-0.5612426121316448	0.0	6.451612903225806E-4
article 423	0.6931471805599453	0.3149932696723518	-0.5612426121316448	0.0	6.451612903225806E-4
article 830 shall	0.6931471805599453	0.3149932696723518	-0.5612426121316448	0.0	6.451612903225806E-4
article it is	0.6931471805599453	0.3149932696723518	-0.5612426121316448	0.0	6.451612903225806E-4
article 63	1.0986122886681098	3.1777887764874415	1.7826353459099373	0.0020491803278688526	0.0
article 819 shall	0.6931471805599453	0.3149932696723518	-0.5612426121316448	0.0	6.451612903225806E-4
article 907 or	0.6931471805599453	0.3149932696723518	-0.5612426121316448	0.0	6.451612903225806E-4
article 650 paragraphs	0.6931471805599453	0.3149932696723518	-0.5612426121316448	0.0	6.451612903225806E-4
