'statement through	0.6931471805599453	0.3149932696723518	-0.5612426121316448	0.0	6.451612903225806E-4
'special	0.6931471805599453	0.3149932696723518	-0.5612426121316448	0.0	6.451612903225806E-4
'six	0.6931471805599453	0.6302959629887825	-0.7939118105865303	0.0	0.0012903225806451613
's land to	1.0986122886681098	3.1777887764874415	1.7826353459099373	0.0020491803278688526	0.0
's supercify	1.0986122886681098	3.1777887764874415	1.7826353459099373	0.0020491803278688526	0.0
's supercify over	1.0986122886681098	3.1777887764874415	1.7826353459099373	0.0020491803278688526	0.0
's	1.791759469228055	12.729903122330223	3.567898978717057	0.00819672131147541	0.0
'statement	0.6931471805599453	0.3149932696723518	-0.5612426121316448	0.0	6.451612903225806E-4
's land which	1.0986122886681098	3.1777887764874415	1.7826353459099373	0.0020491803278688526	0.0
'special adoption'	0.6931471805599453	0.3149932696723518	-0.5612426121316448	0.0	6.451612903225806E-4
's land and	1.0986122886681098	3.1777887764874415	1.7826353459099373	0.0020491803278688526	0.0
's claim	1.0986122886681098	3.1777887764874415	1.7826353459099373	0.0020491803278688526	0.0
'six months'	0.6931471805599453	0.6302959629887825	-0.7939118105865303	0.0	0.0012903225806451613
's land	1.6094379124341003	9.542735731260322	3.089131873400733	0.006147540983606557	0.0
's claim against	1.0986122886681098	3.1777887764874415	1.7826353459099373	0.0020491803278688526	0.0
'statement through an	0.6931471805599453	0.3149932696723518	-0.5612426121316448	0.0	6.451612903225806E-4
