1 000	0.6931471805599453	0.3149932696723518	-0.5612426121316448	0.0	6.451612903225806E-4
1 the	0.6931471805599453	0.9459085361020845	-0.9725782930448759	0.0	0.001935483870967742
1 1	1.0986122886681098	3.1777887764874415	1.7826353459099373	0.0020491803278688526	0.0
1 shall apply	0.6931471805599453	0.6302959629887825	-0.7939118105865303	0.0	0.0012903225806451613
1 if the	0.6931471805599453	0.3149932696723518	-0.5612426121316448	0.0	6.451612903225806E-4
1 month prior	0.6931471805599453	0.3149932696723518	-0.5612426121316448	0.0	6.451612903225806E-4
1 must	1.0986122886681098	3.1777887764874415	1.7826353459099373	0.0020491803278688526	0.0
1 1 if	1.0986122886681098	3.1777887764874415	1.7826353459099373	0.0020491803278688526	0.0
1 and 2	0.6931471805599453	1.2618314460621054	-1.1233127107186607	0.0	0.0025806451612903226
1 shall	0.6931471805599453	1.2618314460621054	-1.1233127107186607	0.0	0.0025806451612903226
1 of article	0.7282385003712155	4.9914242125452	-2.2341495501745627	0.004098360655737705	0.01806451612903226
1 general	0.6931471805599453	0.3149932696723518	-0.5612426121316448	0.0	6.451612903225806E-4
1 of the	0.7537718023763802	1.6424860636248713	-1.2815951246883204	0.004098360655737705	0.01032258064516129
1 and paragraph	1.0986122886681098	0.7462664607140223	0.8638671545521467	0.0020491803278688526	6.451612903225806E-4
1 article	0.6931471805599453	0.3149932696723518	-0.5612426121316448	0.0	6.451612903225806E-4
1 or paragraph	0.6931471805599453	0.3149932696723518	-0.5612426121316448	0.0	6.451612903225806E-4
1 in this	0.6931471805599453	0.3149932696723518	-0.5612426121316448	0.0	6.451612903225806E-4
1 article 2	0.6931471805599453	0.3149932696723518	-0.5612426121316448	0.0	6.451612903225806E-4
1 000 000	0.6931471805599453	0.3149932696723518	-0.5612426121316448	0.0	6.451612903225806E-4
1 paragraph	0.6931471805599453	0.3149932696723518	-0.5612426121316448	0.0	6.451612903225806E-4
1 the defendant	0.6931471805599453	0.9459085361020845	-0.9725782930448759	0.0	0.001935483870967742
1 is not	1.3862943611198906	6.358699152951786	2.5216461196908235	0.004098360655737705	0.0
1 above	0.6931471805599453	0.3149932696723518	-0.5612426121316448	0.0	6.451612903225806E-4
1 if person	1.0986122886681098	3.1777887764874415	1.7826353459099373	0.0020491803278688526	0.0
1 in	0.6931471805599453	0.9459085361020845	-0.9725782930448759	0.0	0.001935483870967742
1 or	0.6931471805599453	0.3149932696723518	-0.5612426121316448	0.0	6.451612903225806E-4
1 and	0.7884573603642703	0.17504822799946146	-0.4183876527808409	0.0020491803278688526	0.0032258064516129032
1 is	1.3862943611198906	3.011017893716995	1.73522848458553	0.004098360655737705	6.451612903225806E-4
1 of	0.7509667514487716	4.677689278045409	-2.162796633538486	0.010245901639344262	0.027096774193548386
1 is deaf	0.6931471805599453	0.3149932696723518	-0.5612426121316448	0.0	6.451612903225806E-4
1 month	0.6931471805599453	0.3149932696723518	-0.5612426121316448	0.0	6.451612903225806E-4
1 shall be	0.6931471805599453	0.6302959629887825	-0.7939118105865303	0.0	0.0012903225806451613
1 in whole	0.6931471805599453	0.3149932696723518	-0.5612426121316448	0.0	6.451612903225806E-4
1 of chapter	1.0986122886681098	3.1777887764874415	1.7826353459099373	0.0020491803278688526	0.0
1 in cases	0.6931471805599453	0.3149932696723518	-0.5612426121316448	0.0	6.451612903225806E-4
1 if	1.0986122886681098	0.7462664607140223	0.8638671545521467	0.0020491803278688526	6.451612903225806E-4
1 must be	1.0986122886681098	3.1777887764874415	1.7826353459099373	0.0020491803278688526	0.0
1 general provisions	0.6931471805599453	0.3149932696723518	-0.5612426121316448	0.0	6.451612903225806E-4
1 paragraph 3	0.6931471805599453	0.3149932696723518	-0.5612426121316448	0.0	6.451612903225806E-4
1 above in	0.6931471805599453	0.3149932696723518	-0.5612426121316448	0.0	6.451612903225806E-4
