1022	0.6931471805599453	0.3149932696723518	-0.5612426121316448	0.0	6.451612903225806E-4
10 years consistent	0.6931471805599453	0.3149932696723518	-0.5612426121316448	0.0	6.451612903225806E-4
1024 inclusive	0.6931471805599453	0.3149932696723518	-0.5612426121316448	0.0	6.451612903225806E-4
105 and paragraph	0.6931471805599453	0.3149932696723518	-0.5612426121316448	0.0	6.451612903225806E-4
1022 to	0.6931471805599453	0.3149932696723518	-0.5612426121316448	0.0	6.451612903225806E-4
105 to the	0.6931471805599453	0.3149932696723518	-0.5612426121316448	0.0	6.451612903225806E-4
10 years ii	0.6931471805599453	0.3149932696723518	-0.5612426121316448	0.0	6.451612903225806E-4
1013	0.6931471805599453	0.3149932696723518	-0.5612426121316448	0.0	6.451612903225806E-4
105 and	0.6931471805599453	0.3149932696723518	-0.5612426121316448	0.0	6.451612903225806E-4
1024 inclusive shall	0.6931471805599453	0.3149932696723518	-0.5612426121316448	0.0	6.451612903225806E-4
1013 inclusive	0.6931471805599453	0.3149932696723518	-0.5612426121316448	0.0	6.451612903225806E-4
10	0.6931471805599453	0.9459085361020845	-0.9725782930448759	0.0	0.001935483870967742
109 of	0.6931471805599453	0.3149932696723518	-0.5612426121316448	0.0	6.451612903225806E-4
109 of 1996	0.6931471805599453	0.3149932696723518	-0.5612426121316448	0.0	6.451612903225806E-4
10 years peacefully	0.6931471805599453	0.3149932696723518	-0.5612426121316448	0.0	6.451612903225806E-4
1011 to 1013	0.6931471805599453	0.3149932696723518	-0.5612426121316448	0.0	6.451612903225806E-4
1029 deliver	0.6931471805599453	0.3149932696723518	-0.5612426121316448	0.0	6.451612903225806E-4
107 shall apply	0.6931471805599453	0.3149932696723518	-0.5612426121316448	0.0	6.451612903225806E-4
1029 deliver the	0.6931471805599453	0.3149932696723518	-0.5612426121316448	0.0	6.451612903225806E-4
103 he she	0.6931471805599453	0.3149932696723518	-0.5612426121316448	0.0	6.451612903225806E-4
1011	0.6931471805599453	0.3149932696723518	-0.5612426121316448	0.0	6.451612903225806E-4
107 shall	0.6931471805599453	0.3149932696723518	-0.5612426121316448	0.0	6.451612903225806E-4
10 years	0.6931471805599453	0.9459085361020845	-0.9725782930448759	0.0	0.001935483870967742
1013 inclusive shall	0.6931471805599453	0.3149932696723518	-0.5612426121316448	0.0	6.451612903225806E-4
103 he	0.6931471805599453	0.3149932696723518	-0.5612426121316448	0.0	6.451612903225806E-4
1022 to 1024	0.6931471805599453	0.3149932696723518	-0.5612426121316448	0.0	6.451612903225806E-4
1029	0.6931471805599453	0.3149932696723518	-0.5612426121316448	0.0	6.451612903225806E-4
103	0.6931471805599453	0.3149932696723518	-0.5612426121316448	0.0	6.451612903225806E-4
1024	0.6931471805599453	0.3149932696723518	-0.5612426121316448	0.0	6.451612903225806E-4
105	0.6931471805599453	0.6302959629887825	-0.7939118105865303	0.0	0.0012903225806451613
107	0.6931471805599453	0.3149932696723518	-0.5612426121316448	0.0	6.451612903225806E-4
109	0.6931471805599453	0.3149932696723518	-0.5612426121316448	0.0	6.451612903225806E-4
1011 to	0.6931471805599453	0.3149932696723518	-0.5612426121316448	0.0	6.451612903225806E-4
105 to	0.6931471805599453	0.3149932696723518	-0.5612426121316448	0.0	6.451612903225806E-4
