126 inclusive	0.6931471805599453	0.9459085361020845	-0.9725782930448759	0.0	0.001935483870967742
126 inclusive shall	0.6931471805599453	0.3149932696723518	-0.5612426121316448	0.0	6.451612903225806E-4
128 and	0.6931471805599453	0.3149932696723518	-0.5612426121316448	0.0	6.451612903225806E-4
120 ratifies it	0.6931471805599453	0.3149932696723518	-0.5612426121316448	0.0	6.451612903225806E-4
121 to 126	0.6931471805599453	0.9459085361020845	-0.9725782930448759	0.0	0.001935483870967742
129 shall apply	0.6931471805599453	0.3149932696723518	-0.5612426121316448	0.0	6.451612903225806E-4
120 ratifies	0.6931471805599453	0.3149932696723518	-0.5612426121316448	0.0	6.451612903225806E-4
120	0.6931471805599453	0.3149932696723518	-0.5612426121316448	0.0	6.451612903225806E-4
123 of	1.0986122886681098	3.1777887764874415	1.7826353459099373	0.0020491803278688526	0.0
121	0.6931471805599453	0.9459085361020845	-0.9725782930448759	0.0	0.001935483870967742
123	1.0986122886681098	3.1777887764874415	1.7826353459099373	0.0020491803278688526	0.0
129 shall	0.6931471805599453	0.3149932696723518	-0.5612426121316448	0.0	6.451612903225806E-4
126	0.6931471805599453	0.9459085361020845	-0.9725782930448759	0.0	0.001935483870967742
128	0.6931471805599453	0.3149932696723518	-0.5612426121316448	0.0	6.451612903225806E-4
129	0.6931471805599453	0.3149932696723518	-0.5612426121316448	0.0	6.451612903225806E-4
128 and article	0.6931471805599453	0.3149932696723518	-0.5612426121316448	0.0	6.451612903225806E-4
123 of 2004	1.0986122886681098	3.1777887764874415	1.7826353459099373	0.0020491803278688526	0.0
121 to	0.6931471805599453	0.9459085361020845	-0.9725782930448759	0.0	0.001935483870967742
