15 years of	0.6931471805599453	1.8946101092202183	-1.3764483678003394	0.0	0.003870967741935484
15 an assistant	0.6931471805599453	0.3149932696723518	-0.5612426121316448	0.0	6.451612903225806E-4
15 an	0.6931471805599453	0.3149932696723518	-0.5612426121316448	0.0	6.451612903225806E-4
15 or	0.6931471805599453	0.3149932696723518	-0.5612426121316448	0.0	6.451612903225806E-4
15 or any	0.6931471805599453	0.3149932696723518	-0.5612426121316448	0.0	6.451612903225806E-4
15	0.6931471805599453	2.8461171083801013	-1.6870438963998837	0.0	0.005806451612903226
15 ceases	0.6931471805599453	0.3149932696723518	-0.5612426121316448	0.0	6.451612903225806E-4
152 of	0.6931471805599453	0.3149932696723518	-0.5612426121316448	0.0	6.451612903225806E-4
152 of 1947	0.6931471805599453	0.3149932696723518	-0.5612426121316448	0.0	6.451612903225806E-4
15 years	0.6931471805599453	1.8946101092202183	-1.3764483678003394	0.0	0.003870967741935484
15 ceases to	0.6931471805599453	0.3149932696723518	-0.5612426121316448	0.0	6.451612903225806E-4
152	0.6931471805599453	0.3149932696723518	-0.5612426121316448	0.0	6.451612903225806E-4
