167 shall	1.0986122886681098	3.1777887764874415	1.7826353459099373	0.0020491803278688526	0.0
167	1.0986122886681098	0.7462664607140223	0.8638671545521467	0.0020491803278688526	6.451612903225806E-4
167 shall commence	1.0986122886681098	3.1777887764874415	1.7826353459099373	0.0020491803278688526	0.0
16	0.6931471805599453	0.3149932696723518	-0.5612426121316448	0.0	6.451612903225806E-4
16 years	0.6931471805599453	0.3149932696723518	-0.5612426121316448	0.0	6.451612903225806E-4
162 shall be	0.6931471805599453	0.3149932696723518	-0.5612426121316448	0.0	6.451612903225806E-4
162 shall	0.6931471805599453	0.3149932696723518	-0.5612426121316448	0.0	6.451612903225806E-4
16 years of	0.6931471805599453	0.3149932696723518	-0.5612426121316448	0.0	6.451612903225806E-4
162	0.6931471805599453	0.3149932696723518	-0.5612426121316448	0.0	6.451612903225806E-4
163	0.6931471805599453	0.3149932696723518	-0.5612426121316448	0.0	6.451612903225806E-4
