178 of 1948	0.6931471805599453	0.3149932696723518	-0.5612426121316448	0.0	6.451612903225806E-4
17 or	0.6931471805599453	0.3149932696723518	-0.5612426121316448	0.0	6.451612903225806E-4
17 shall	0.6931471805599453	0.3149932696723518	-0.5612426121316448	0.0	6.451612903225806E-4
178	0.6931471805599453	0.3149932696723518	-0.5612426121316448	0.0	6.451612903225806E-4
17 which demands	0.6931471805599453	0.3149932696723518	-0.5612426121316448	0.0	6.451612903225806E-4
17	0.6931471805599453	1.2618314460621054	-1.1233127107186607	0.0	0.0025806451612903226
17 shall not	0.6931471805599453	0.3149932696723518	-0.5612426121316448	0.0	6.451612903225806E-4
17 which	0.6931471805599453	0.3149932696723518	-0.5612426121316448	0.0	6.451612903225806E-4
178 of	0.6931471805599453	0.3149932696723518	-0.5612426121316448	0.0	6.451612903225806E-4
17 may after	0.6931471805599453	0.3149932696723518	-0.5612426121316448	0.0	6.451612903225806E-4
17 may	0.6931471805599453	0.3149932696723518	-0.5612426121316448	0.0	6.451612903225806E-4
17 or the	0.6931471805599453	0.3149932696723518	-0.5612426121316448	0.0	6.451612903225806E-4
