180 of the	1.0986122886681098	3.1777887764874415	1.7826353459099373	0.0020491803278688526	0.0
183 of	1.0986122886681098	3.1777887764874415	1.7826353459099373	0.0020491803278688526	0.0
180 of	1.0986122886681098	3.1777887764874415	1.7826353459099373	0.0020491803278688526	0.0
18	0.6931471805599453	1.5780651508179553	-1.2562106315494848	0.0	0.0032258064516129032
180	1.0986122886681098	3.1777887764874415	1.7826353459099373	0.0020491803278688526	0.0
188 of	1.0986122886681098	3.1777887764874415	1.7826353459099373	0.0020491803278688526	0.0
18 years old	0.6931471805599453	1.2618314460621054	-1.1233127107186607	0.0	0.0025806451612903226
183	1.0986122886681098	3.1777887764874415	1.7826353459099373	0.0020491803278688526	0.0
188 of the	1.0986122886681098	3.1777887764874415	1.7826353459099373	0.0020491803278688526	0.0
188	1.0986122886681098	3.1777887764874415	1.7826353459099373	0.0020491803278688526	0.0
18 years of	0.6931471805599453	0.3149932696723518	-0.5612426121316448	0.0	6.451612903225806E-4
18 years	0.6931471805599453	1.5780651508179553	-1.2562106315494848	0.0	0.0032258064516129032
183 of the	1.0986122886681098	3.1777887764874415	1.7826353459099373	0.0020491803278688526	0.0
