vested in the	0.9808292530117262	0.7094337986938414	0.8422789316454743	0.004098360655737705	0.001935483870967742
veranda at a	1.0986122886681098	3.1777887764874415	1.7826353459099373	0.0020491803278688526	0.0
vessel or	0.6931471805599453	0.3149932696723518	-0.5612426121316448	0.0	6.451612903225806E-4
vests in the	1.3862943611198906	6.358699152951786	2.5216461196908235	0.004098360655737705	0.0
vertical dimension	1.0986122886681098	3.1777887764874415	1.7826353459099373	0.0020491803278688526	0.0
vertical	1.0986122886681098	3.1777887764874415	1.7826353459099373	0.0020491803278688526	0.0
vested in	0.9808292530117262	0.7094337986938414	0.8422789316454743	0.004098360655737705	0.001935483870967742
vests	1.3862943611198906	6.358699152951786	2.5216461196908235	0.004098360655737705	0.0
vested interest	0.6931471805599453	0.6302959629887825	-0.7939118105865303	0.0	0.0012903225806451613
vested	0.8754687373538999	0.08255294428389873	0.2873202817134543	0.004098360655737705	0.0032258064516129032
vessel or after	0.6931471805599453	0.3149932696723518	-0.5612426121316448	0.0	6.451612903225806E-4
veterinarian heal	1.0986122886681098	3.1777887764874415	1.7826353459099373	0.0020491803278688526	0.0
vertical dimension in	1.0986122886681098	3.1777887764874415	1.7826353459099373	0.0020491803278688526	0.0
vessel	0.6931471805599453	0.3149932696723518	-0.5612426121316448	0.0	6.451612903225806E-4
veranda at	1.0986122886681098	3.1777887764874415	1.7826353459099373	0.0020491803278688526	0.0
vested interest between	0.6931471805599453	0.6302959629887825	-0.7939118105865303	0.0	0.0012903225806451613
vessel which	0.6931471805599453	0.3149932696723518	-0.5612426121316448	0.0	6.451612903225806E-4
veranda	1.0986122886681098	3.1777887764874415	1.7826353459099373	0.0020491803278688526	0.0
vest in other	1.0986122886681098	3.1777887764874415	1.7826353459099373	0.0020491803278688526	0.0
vest	1.252762968495368	7.173366232866782	2.678314065390163	0.012295081967213115	0.0025806451612903226
vests in	1.3862943611198906	6.358699152951786	2.5216461196908235	0.004098360655737705	0.0
vest in	1.252762968495368	7.173366232866782	2.678314065390163	0.012295081967213115	0.0025806451612903226
veterinarian	1.0986122886681098	3.1777887764874415	1.7826353459099373	0.0020491803278688526	0.0
vest in the	1.1786549963416462	4.960032533146281	2.2271130490269866	0.010245901639344262	0.0025806451612903226
veterinarian heal it	1.0986122886681098	3.1777887764874415	1.7826353459099373	0.0020491803278688526	0.0
vessel which later	0.6931471805599453	0.3149932696723518	-0.5612426121316448	0.0	6.451612903225806E-4
