1947 shall not	0.6931471805599453	0.3149932696723518	-0.5612426121316448	0.0	6.451612903225806E-4
192 through	1.0986122886681098	3.1777887764874415	1.7826353459099373	0.0020491803278688526	0.0
1951 or family	0.6931471805599453	0.3149932696723518	-0.5612426121316448	0.0	6.451612903225806E-4
1947 shall	0.6931471805599453	0.3149932696723518	-0.5612426121316448	0.0	6.451612903225806E-4
1951 or	0.6931471805599453	0.3149932696723518	-0.5612426121316448	0.0	6.451612903225806E-4
196 provided	0.6931471805599453	0.6302959629887825	-0.7939118105865303	0.0	0.0012903225806451613
192	1.0986122886681098	3.1777887764874415	1.7826353459099373	0.0020491803278688526	0.0
195	1.0986122886681098	3.1777887764874415	1.7826353459099373	0.0020491803278688526	0.0
196	0.9162907318741551	0.1454088286642491	0.381325095770327	0.0020491803278688526	0.0012903225806451613
1979 has	1.0986122886681098	3.1777887764874415	1.7826353459099373	0.0020491803278688526	0.0
1996 regarding	0.6931471805599453	0.3149932696723518	-0.5612426121316448	0.0	6.451612903225806E-4
1996	0.6931471805599453	0.3149932696723518	-0.5612426121316448	0.0	6.451612903225806E-4
1951	0.6931471805599453	0.3149932696723518	-0.5612426121316448	0.0	6.451612903225806E-4
1948 or any	0.6931471805599453	0.3149932696723518	-0.5612426121316448	0.0	6.451612903225806E-4
1996 regarding the	0.6931471805599453	0.3149932696723518	-0.5612426121316448	0.0	6.451612903225806E-4
192 through 195	1.0986122886681098	3.1777887764874415	1.7826353459099373	0.0020491803278688526	0.0
1979 has been	1.0986122886681098	3.1777887764874415	1.7826353459099373	0.0020491803278688526	0.0
195 shall apply	1.0986122886681098	3.1777887764874415	1.7826353459099373	0.0020491803278688526	0.0
1948 or	0.6931471805599453	0.3149932696723518	-0.5612426121316448	0.0	6.451612903225806E-4
1948	0.6931471805599453	0.3149932696723518	-0.5612426121316448	0.0	6.451612903225806E-4
1947	0.6931471805599453	0.6302959629887825	-0.7939118105865303	0.0	0.0012903225806451613
1979	1.0986122886681098	3.1777887764874415	1.7826353459099373	0.0020491803278688526	0.0
195 shall	1.0986122886681098	3.1777887764874415	1.7826353459099373	0.0020491803278688526	0.0
196 provided however	0.6931471805599453	0.6302959629887825	-0.7939118105865303	0.0	0.0012903225806451613
