2 a notary	0.6931471805599453	0.3149932696723518	-0.5612426121316448	0.0	6.451612903225806E-4
2 section	1.0986122886681098	3.1777887764874415	1.7826353459099373	0.0020491803278688526	0.0
2 3	0.6931471805599453	0.3149932696723518	-0.5612426121316448	0.0	6.451612903225806E-4
2 or	0.6931471805599453	0.3149932696723518	-0.5612426121316448	0.0	6.451612903225806E-4
2 of the	0.8472978603872037	0.004908214435503409	0.07005864996917517	0.004098360655737705	0.003870967741935484
2 of	0.7884573603642703	1.613549391962778	-1.2702556403979388	0.018442622950819672	0.02903225806451613
2 the	0.6931471805599453	0.6302959629887825	-0.7939118105865303	0.0	0.0012903225806451613
2 3 5	0.6931471805599453	0.3149932696723518	-0.5612426121316448	0.0	6.451612903225806E-4
2 may be	0.6931471805599453	0.3149932696723518	-0.5612426121316448	0.0	6.451612903225806E-4
2 and 3	0.6931471805599453	0.6302959629887825	-0.7939118105865303	0.0	0.0012903225806451613
2 may	0.6931471805599453	0.3149932696723518	-0.5612426121316448	0.0	6.451612903225806E-4
2 shall provide	0.6931471805599453	0.3149932696723518	-0.5612426121316448	0.0	6.451612903225806E-4
2 shall	0.6931471805599453	0.3149932696723518	-0.5612426121316448	0.0	6.451612903225806E-4
2 section 1	1.0986122886681098	3.1777887764874415	1.7826353459099373	0.0020491803278688526	0.0
2 or paragraph	0.6931471805599453	0.3149932696723518	-0.5612426121316448	0.0	6.451612903225806E-4
2 the family	0.6931471805599453	0.3149932696723518	-0.5612426121316448	0.0	6.451612903225806E-4
2 a	0.6931471805599453	0.3149932696723518	-0.5612426121316448	0.0	6.451612903225806E-4
2 and paragraph	0.6931471805599453	1.8946101092202183	-1.3764483678003394	0.0	0.003870967741935484
2 are	1.0986122886681098	3.1777887764874415	1.7826353459099373	0.0020491803278688526	0.0
2 to 4	0.6931471805599453	0.9459085361020845	-0.9725782930448759	0.0	0.001935483870967742
2 of article	0.7770286645406473	2.1643213146785003	-1.4711632522186313	0.014344262295081968	0.025806451612903226
2 and	0.6931471805599453	2.5286356268870174	-1.5901684272073249	0.0	0.005161290322580645
2 are not	1.0986122886681098	3.1777887764874415	1.7826353459099373	0.0020491803278688526	0.0
2 the defendant	0.6931471805599453	0.3149932696723518	-0.5612426121316448	0.0	6.451612903225806E-4
2 to	0.6931471805599453	0.9459085361020845	-0.9725782930448759	0.0	0.001935483870967742
