200 days from	0.6931471805599453	0.3149932696723518	-0.5612426121316448	0.0	6.451612903225806E-4
20 years of	0.6931471805599453	0.3149932696723518	-0.5612426121316448	0.0	6.451612903225806E-4
2004 and	1.0986122886681098	3.1777887764874415	1.7826353459099373	0.0020491803278688526	0.0
2006 the	1.0986122886681098	3.1777887764874415	1.7826353459099373	0.0020491803278688526	0.0
200 days	0.6931471805599453	0.3149932696723518	-0.5612426121316448	0.0	6.451612903225806E-4
20 shall apply	0.6931471805599453	0.6302959629887825	-0.7939118105865303	0.0	0.0012903225806451613
2006 the person	1.0986122886681098	3.1777887764874415	1.7826353459099373	0.0020491803278688526	0.0
20 years peacefully	0.6931471805599453	0.3149932696723518	-0.5612426121316448	0.0	6.451612903225806E-4
2004 and other	1.0986122886681098	3.1777887764874415	1.7826353459099373	0.0020491803278688526	0.0
20 shall	0.6931471805599453	0.6302959629887825	-0.7939118105865303	0.0	0.0012903225806451613
20 and articles	0.6931471805599453	0.3149932696723518	-0.5612426121316448	0.0	6.451612903225806E-4
20 years or	0.6931471805599453	0.3149932696723518	-0.5612426121316448	0.0	6.451612903225806E-4
20 years	0.6931471805599453	1.2618314460621054	-1.1233127107186607	0.0	0.0025806451612903226
2003 vi	0.6931471805599453	0.3149932696723518	-0.5612426121316448	0.0	6.451612903225806E-4
200	0.6931471805599453	0.3149932696723518	-0.5612426121316448	0.0	6.451612903225806E-4
2006	1.0986122886681098	3.1777887764874415	1.7826353459099373	0.0020491803278688526	0.0
20 and	0.6931471805599453	0.3149932696723518	-0.5612426121316448	0.0	6.451612903225806E-4
2003 vi accept	0.6931471805599453	0.3149932696723518	-0.5612426121316448	0.0	6.451612903225806E-4
202	1.0986122886681098	3.1777887764874415	1.7826353459099373	0.0020491803278688526	0.0
202 the	1.0986122886681098	3.1777887764874415	1.7826353459099373	0.0020491803278688526	0.0
2004	1.0986122886681098	3.1777887764874415	1.7826353459099373	0.0020491803278688526	0.0
2003	0.6931471805599453	0.3149932696723518	-0.5612426121316448	0.0	6.451612903225806E-4
202 the same	1.0986122886681098	3.1777887764874415	1.7826353459099373	0.0020491803278688526	0.0
20	0.6931471805599453	2.5286356268870174	-1.5901684272073249	0.0	0.005161290322580645
