229 to holders	1.0986122886681098	3.1777887764874415	1.7826353459099373	0.0020491803278688526	0.0
222	0.6931471805599453	0.3149932696723518	-0.5612426121316448	0.0	6.451612903225806E-4
224 of 1947	0.6931471805599453	0.3149932696723518	-0.5612426121316448	0.0	6.451612903225806E-4
224	0.6931471805599453	0.3149932696723518	-0.5612426121316448	0.0	6.451612903225806E-4
225 or	1.0986122886681098	3.1777887764874415	1.7826353459099373	0.0020491803278688526	0.0
225	1.0986122886681098	3.1777887764874415	1.7826353459099373	0.0020491803278688526	0.0
225 or elevating	1.0986122886681098	3.1777887764874415	1.7826353459099373	0.0020491803278688526	0.0
224 of	0.6931471805599453	0.3149932696723518	-0.5612426121316448	0.0	6.451612903225806E-4
229	1.3862943611198906	6.358699152951786	2.5216461196908235	0.004098360655737705	0.0
222 of 1951	0.6931471805599453	0.3149932696723518	-0.5612426121316448	0.0	6.451612903225806E-4
229 to	1.0986122886681098	3.1777887764874415	1.7826353459099373	0.0020491803278688526	0.0
222 of	0.6931471805599453	0.3149932696723518	-0.5612426121316448	0.0	6.451612903225806E-4
