271 through the	1.0986122886681098	3.1777887764874415	1.7826353459099373	0.0020491803278688526	0.0
276	1.0986122886681098	3.1777887764874415	1.7826353459099373	0.0020491803278688526	0.0
276 shall	1.0986122886681098	3.1777887764874415	1.7826353459099373	0.0020491803278688526	0.0
27 to 29	0.6931471805599453	1.5780651508179553	-1.2562106315494848	0.0	0.0032258064516129032
276 shall apply	1.0986122886681098	3.1777887764874415	1.7826353459099373	0.0020491803278688526	0.0
27	0.6931471805599453	1.5780651508179553	-1.2562106315494848	0.0	0.0032258064516129032
271 through	1.0986122886681098	3.1777887764874415	1.7826353459099373	0.0020491803278688526	0.0
274 through	1.0986122886681098	3.1777887764874415	1.7826353459099373	0.0020491803278688526	0.0
271	1.0986122886681098	3.1777887764874415	1.7826353459099373	0.0020491803278688526	0.0
27 to	0.6931471805599453	1.5780651508179553	-1.2562106315494848	0.0	0.0032258064516129032
274	1.0986122886681098	3.1777887764874415	1.7826353459099373	0.0020491803278688526	0.0
274 through 276	1.0986122886681098	3.1777887764874415	1.7826353459099373	0.0020491803278688526	0.0
