29	0.6931471805599453	1.5780651508179553	-1.2562106315494848	0.0	0.0032258064516129032
299 shall apply	0.6931471805599453	0.3149932696723518	-0.5612426121316448	0.0	6.451612903225806E-4
296 shall	1.0986122886681098	3.1777887764874415	1.7826353459099373	0.0020491803278688526	0.0
29 inclusive	0.6931471805599453	1.5780651508179553	-1.2562106315494848	0.0	0.0032258064516129032
296 through	1.0986122886681098	3.1777887764874415	1.7826353459099373	0.0020491803278688526	0.0
296 through 300	1.0986122886681098	3.1777887764874415	1.7826353459099373	0.0020491803278688526	0.0
296	1.6094379124341003	9.542735731260322	3.089131873400733	0.006147540983606557	0.0
298	1.0986122886681098	3.1777887764874415	1.7826353459099373	0.0020491803278688526	0.0
296 shall apply	1.0986122886681098	3.1777887764874415	1.7826353459099373	0.0020491803278688526	0.0
299	0.6931471805599453	0.3149932696723518	-0.5612426121316448	0.0	6.451612903225806E-4
29 inclusive shall	0.6931471805599453	1.5780651508179553	-1.2562106315494848	0.0	0.0032258064516129032
296 article	1.0986122886681098	3.1777887764874415	1.7826353459099373	0.0020491803278688526	0.0
299 shall	0.6931471805599453	0.3149932696723518	-0.5612426121316448	0.0	6.451612903225806E-4
296 article 304	1.0986122886681098	3.1777887764874415	1.7826353459099373	0.0020491803278688526	0.0
