3 million yen	0.6931471805599453	0.9459085361020845	-0.9725782930448759	0.0	0.001935483870967742
3 may not	1.0986122886681098	3.1777887764874415	1.7826353459099373	0.0020491803278688526	0.0
3 months prior	0.6931471805599453	0.3149932696723518	-0.5612426121316448	0.0	6.451612903225806E-4
3 may	1.0986122886681098	3.1777887764874415	1.7826353459099373	0.0020491803278688526	0.0
3 through 5	1.0986122886681098	3.1777887764874415	1.7826353459099373	0.0020491803278688526	0.0
3 5	0.6931471805599453	0.3149932696723518	-0.5612426121316448	0.0	6.451612903225806E-4
3 5 and	0.6931471805599453	0.3149932696723518	-0.5612426121316448	0.0	6.451612903225806E-4
3 of article	0.7339691750802005	1.8977208563782157	-1.3775778948495856	0.0020491803278688526	0.007741935483870968
3 and the	0.6931471805599453	0.3149932696723518	-0.5612426121316448	0.0	6.451612903225806E-4
3 of	0.7308875085427924	2.18529551814727	-1.4782745070342216	0.0020491803278688526	0.008387096774193548
3 months	0.6931471805599453	0.3149932696723518	-0.5612426121316448	0.0	6.451612903225806E-4
3 and	0.6931471805599453	0.3149932696723518	-0.5612426121316448	0.0	6.451612903225806E-4
3 through	1.0986122886681098	3.1777887764874415	1.7826353459099373	0.0020491803278688526	0.0
3 years and	0.6931471805599453	0.3149932696723518	-0.5612426121316448	0.0	6.451612903225806E-4
3 of this	0.6931471805599453	0.3149932696723518	-0.5612426121316448	0.0	6.451612903225806E-4
3 years	0.6931471805599453	0.3149932696723518	-0.5612426121316448	0.0	6.451612903225806E-4
3 extent	1.0986122886681098	3.1777887764874415	1.7826353459099373	0.0020491803278688526	0.0
3 extent of	1.0986122886681098	3.1777887764874415	1.7826353459099373	0.0020491803278688526	0.0
3 million	0.6931471805599453	0.9459085361020845	-0.9725782930448759	0.0	0.001935483870967742
