304 article 925	0.6931471805599453	0.3149932696723518	-0.5612426121316448	0.0	6.451612903225806E-4
300 days	0.6931471805599453	0.3149932696723518	-0.5612426121316448	0.0	6.451612903225806E-4
30 years	0.6931471805599453	1.2618314460621054	-1.1233127107186607	0.0	0.0025806451612903226
304 and article	1.0986122886681098	3.1777887764874415	1.7826353459099373	0.0020491803278688526	0.0
300 and	1.0986122886681098	3.1777887764874415	1.7826353459099373	0.0020491803278688526	0.0
300 and those	1.0986122886681098	3.1777887764874415	1.7826353459099373	0.0020491803278688526	0.0
304 cited in	1.0986122886681098	3.1777887764874415	1.7826353459099373	0.0020491803278688526	0.0
300 days of	0.6931471805599453	0.3149932696723518	-0.5612426121316448	0.0	6.451612903225806E-4
300	1.0986122886681098	0.7462664607140223	0.8638671545521467	0.0020491803278688526	6.451612903225806E-4
304 article	0.6931471805599453	0.3149932696723518	-0.5612426121316448	0.0	6.451612903225806E-4
304 shall apply	1.0986122886681098	0.7462664607140223	0.8638671545521467	0.0020491803278688526	6.451612903225806E-4
30 years old	0.6931471805599453	1.2618314460621054	-1.1233127107186607	0.0	0.0025806451612903226
304	1.252762968495368	3.577861957760412	1.8915237132429539	0.006147540983606557	0.0012903225806451613
306	1.0986122886681098	3.1777887764874415	1.7826353459099373	0.0020491803278688526	0.0
304 cited	1.0986122886681098	3.1777887764874415	1.7826353459099373	0.0020491803278688526	0.0
304 and	1.0986122886681098	3.1777887764874415	1.7826353459099373	0.0020491803278688526	0.0
304 shall	1.0986122886681098	0.7462664607140223	0.8638671545521467	0.0020491803278688526	6.451612903225806E-4
30	0.6931471805599453	1.2618314460621054	-1.1233127107186607	0.0	0.0025806451612903226
