"mortgaged building user"	1.0986122886681098	3.1777887764874415	1.7826353459099373	0.0020491803278688526	0.0
"management of business"	0.6931471805599453	0.3149932696723518	-0.5612426121316448	0.0	6.451612903225806E-4
"management	0.6931471805599453	0.3149932696723518	-0.5612426121316448	0.0	6.451612903225806E-4
"manager" must	0.6931471805599453	0.3149932696723518	-0.5612426121316448	0.0	6.451612903225806E-4
"management of	0.6931471805599453	0.3149932696723518	-0.5612426121316448	0.0	6.451612903225806E-4
"manager"	0.6931471805599453	0.3149932696723518	-0.5612426121316448	0.0	6.451612903225806E-4
"mortgaged immovable properties"	1.0986122886681098	3.1777887764874415	1.7826353459099373	0.0020491803278688526	0.0
"mortgaged building	1.0986122886681098	3.1777887764874415	1.7826353459099373	0.0020491803278688526	0.0
"mortgaged immovable	1.0986122886681098	3.1777887764874415	1.7826353459099373	0.0020491803278688526	0.0
"mortgaged	1.3862943611198906	6.358699152951786	2.5216461196908235	0.004098360655737705	0.0
"manager" must manage	0.6931471805599453	0.3149932696723518	-0.5612426121316448	0.0	6.451612903225806E-4
