398-16 has been	1.0986122886681098	3.1777887764874415	1.7826353459099373	0.0020491803278688526	0.0
398-16	1.6094379124341003	9.542735731260322	3.089131873400733	0.006147540983606557	0.0
392 of the	0.6931471805599453	0.3149932696723518	-0.5612426121316448	0.0	6.451612903225806E-4
398-16 has	1.0986122886681098	3.1777887764874415	1.7826353459099373	0.0020491803278688526	0.0
393 shall apply	1.0986122886681098	3.1777887764874415	1.7826353459099373	0.0020491803278688526	0.0
392 of	0.6931471805599453	0.3149932696723518	-0.5612426121316448	0.0	6.451612903225806E-4
392	1.0986122886681098	0.7462664607140223	0.8638671545521467	0.0020491803278688526	6.451612903225806E-4
393	1.0986122886681098	3.1777887764874415	1.7826353459099373	0.0020491803278688526	0.0
398-4	1.3862943611198906	6.358699152951786	2.5216461196908235	0.004098360655737705	0.0
392 and	1.0986122886681098	3.1777887764874415	1.7826353459099373	0.0020491803278688526	0.0
398-16 shall be	1.0986122886681098	3.1777887764874415	1.7826353459099373	0.0020491803278688526	0.0
398-4 shall apply	1.3862943611198906	6.358699152951786	2.5216461196908235	0.004098360655737705	0.0
398-12	1.0986122886681098	3.1777887764874415	1.7826353459099373	0.0020491803278688526	0.0
393 shall	1.0986122886681098	3.1777887764874415	1.7826353459099373	0.0020491803278688526	0.0
398-16 shall	1.0986122886681098	3.1777887764874415	1.7826353459099373	0.0020491803278688526	0.0
398-4 shall	1.3862943611198906	6.358699152951786	2.5216461196908235	0.004098360655737705	0.0
392 and 393	1.0986122886681098	3.1777887764874415	1.7826353459099373	0.0020491803278688526	0.0
