423 the	0.6931471805599453	0.3149932696723518	-0.5612426121316448	0.0	6.451612903225806E-4
424 shall be	0.6931471805599453	0.3149932696723518	-0.5612426121316448	0.0	6.451612903225806E-4
423	0.6931471805599453	0.3149932696723518	-0.5612426121316448	0.0	6.451612903225806E-4
424	1.0986122886681098	0.7462664607140223	0.8638671545521467	0.0020491803278688526	6.451612903225806E-4
424 shall	0.6931471805599453	0.3149932696723518	-0.5612426121316448	0.0	6.451612903225806E-4
427 shall apply	0.6931471805599453	0.3149932696723518	-0.5612426121316448	0.0	6.451612903225806E-4
427	0.6931471805599453	0.3149932696723518	-0.5612426121316448	0.0	6.451612903225806E-4
42 years	0.6931471805599453	1.2618314460621054	-1.1233127107186607	0.0	0.0025806451612903226
42 years old	0.6931471805599453	1.2618314460621054	-1.1233127107186607	0.0	0.0025806451612903226
427 shall	0.6931471805599453	0.3149932696723518	-0.5612426121316448	0.0	6.451612903225806E-4
42	0.6931471805599453	1.2618314460621054	-1.1233127107186607	0.0	0.0025806451612903226
423 the buyer	0.6931471805599453	0.3149932696723518	-0.5612426121316448	0.0	6.451612903225806E-4
