444 inclusive	0.6931471805599453	0.3149932696723518	-0.5612426121316448	0.0	6.451612903225806E-4
442 shall	0.6931471805599453	0.3149932696723518	-0.5612426121316448	0.0	6.451612903225806E-4
442 to 444	0.6931471805599453	0.3149932696723518	-0.5612426121316448	0.0	6.451612903225806E-4
440 inclusive	0.6931471805599453	0.6302959629887825	-0.7939118105865303	0.0	0.0012903225806451613
446 shall apply	0.6931471805599453	0.6302959629887825	-0.7939118105865303	0.0	0.0012903225806451613
440	0.6931471805599453	0.6302959629887825	-0.7939118105865303	0.0	0.0012903225806451613
442	0.6931471805599453	0.6302959629887825	-0.7939118105865303	0.0	0.0012903225806451613
443	0.6931471805599453	0.6302959629887825	-0.7939118105865303	0.0	0.0012903225806451613
444	0.6931471805599453	0.3149932696723518	-0.5612426121316448	0.0	6.451612903225806E-4
444 inclusive shall	0.6931471805599453	0.3149932696723518	-0.5612426121316448	0.0	6.451612903225806E-4
446 shall	0.6931471805599453	0.6302959629887825	-0.7939118105865303	0.0	0.0012903225806451613
446	0.6931471805599453	0.6302959629887825	-0.7939118105865303	0.0	0.0012903225806451613
440 inclusive shall	0.6931471805599453	0.6302959629887825	-0.7939118105865303	0.0	0.0012903225806451613
442 to	0.6931471805599453	0.3149932696723518	-0.5612426121316448	0.0	6.451612903225806E-4
443 shall apply	0.6931471805599453	0.6302959629887825	-0.7939118105865303	0.0	0.0012903225806451613
442 shall apply	0.6931471805599453	0.3149932696723518	-0.5612426121316448	0.0	6.451612903225806E-4
443 shall	0.6931471805599453	0.6302959629887825	-0.7939118105865303	0.0	0.0012903225806451613
