467 or	1.0986122886681098	3.1777887764874415	1.7826353459099373	0.0020491803278688526	0.0
462 shall	0.6931471805599453	0.3149932696723518	-0.5612426121316448	0.0	6.451612903225806E-4
468 shall	0.6931471805599453	0.3149932696723518	-0.5612426121316448	0.0	6.451612903225806E-4
465-2 is not	0.6931471805599453	0.3149932696723518	-0.5612426121316448	0.0	6.451612903225806E-4
462 shall apply	0.6931471805599453	0.3149932696723518	-0.5612426121316448	0.0	6.451612903225806E-4
467 or unless	1.0986122886681098	3.1777887764874415	1.7826353459099373	0.0020491803278688526	0.0
465-2	0.6931471805599453	0.3149932696723518	-0.5612426121316448	0.0	6.451612903225806E-4
467 mortgagees cannot	1.0986122886681098	3.1777887764874415	1.7826353459099373	0.0020491803278688526	0.0
465-3	0.6931471805599453	0.3149932696723518	-0.5612426121316448	0.0	6.451612903225806E-4
468 shall apply	0.6931471805599453	0.3149932696723518	-0.5612426121316448	0.0	6.451612903225806E-4
467 mortgagees	1.0986122886681098	3.1777887764874415	1.7826353459099373	0.0020491803278688526	0.0
462	0.6931471805599453	0.3149932696723518	-0.5612426121316448	0.0	6.451612903225806E-4
467 shall apply	0.6931471805599453	0.3149932696723518	-0.5612426121316448	0.0	6.451612903225806E-4
467	1.3862943611198906	3.011017893716995	1.73522848458553	0.004098360655737705	6.451612903225806E-4
465-3 be applied	0.6931471805599453	0.3149932696723518	-0.5612426121316448	0.0	6.451612903225806E-4
468	0.6931471805599453	0.3149932696723518	-0.5612426121316448	0.0	6.451612903225806E-4
465-3 be	0.6931471805599453	0.3149932696723518	-0.5612426121316448	0.0	6.451612903225806E-4
467 shall	0.6931471805599453	0.3149932696723518	-0.5612426121316448	0.0	6.451612903225806E-4
465-2 is	0.6931471805599453	0.3149932696723518	-0.5612426121316448	0.0	6.451612903225806E-4
