5 of article	0.6931471805599453	0.3149932696723518	-0.5612426121316448	0.0	6.451612903225806E-4
5 article	0.6931471805599453	0.3149932696723518	-0.5612426121316448	0.0	6.451612903225806E-4
5 loans	0.6931471805599453	0.3149932696723518	-0.5612426121316448	0.0	6.451612903225806E-4
5 article 9	0.6931471805599453	0.3149932696723518	-0.5612426121316448	0.0	6.451612903225806E-4
5 and	0.6931471805599453	0.3149932696723518	-0.5612426121316448	0.0	6.451612903225806E-4
5 years	0.6931471805599453	0.3149932696723518	-0.5612426121316448	0.0	6.451612903225806E-4
5 of	1.0986122886681098	0.7462664607140223	0.8638671545521467	0.0020491803278688526	6.451612903225806E-4
5 years iii	0.6931471805599453	0.3149932696723518	-0.5612426121316448	0.0	6.451612903225806E-4
5 and 6	0.6931471805599453	0.3149932696723518	-0.5612426121316448	0.0	6.451612903225806E-4
5 of the	1.0986122886681098	3.1777887764874415	1.7826353459099373	0.0020491803278688526	0.0
5 loans for	0.6931471805599453	0.3149932696723518	-0.5612426121316448	0.0	6.451612903225806E-4
