50 centimeters or	1.3862943611198906	6.358699152951786	2.5216461196908235	0.004098360655737705	0.0
500 000	0.6931471805599453	0.3149932696723518	-0.5612426121316448	0.0	6.451612903225806E-4
500 if	0.6931471805599453	0.3149932696723518	-0.5612426121316448	0.0	6.451612903225806E-4
500	0.6931471805599453	0.6302959629887825	-0.7939118105865303	0.0	0.0012903225806451613
500 000 yen	0.6931471805599453	0.3149932696723518	-0.5612426121316448	0.0	6.451612903225806E-4
50 centimeters	1.3862943611198906	6.358699152951786	2.5216461196908235	0.004098360655737705	0.0
50 000 yen	0.6931471805599453	0.3149932696723518	-0.5612426121316448	0.0	6.451612903225806E-4
500 if the	0.6931471805599453	0.3149932696723518	-0.5612426121316448	0.0	6.451612903225806E-4
50	1.3862943611198906	3.011017893716995	1.73522848458553	0.004098360655737705	6.451612903225806E-4
50 000	0.6931471805599453	0.3149932696723518	-0.5612426121316448	0.0	6.451612903225806E-4
