560 through	0.6931471805599453	0.3149932696723518	-0.5612426121316448	0.0	6.451612903225806E-4
560 through to	0.6931471805599453	0.3149932696723518	-0.5612426121316448	0.0	6.451612903225806E-4
561 through	0.6931471805599453	0.3149932696723518	-0.5612426121316448	0.0	6.451612903225806E-4
560	0.6931471805599453	0.3149932696723518	-0.5612426121316448	0.0	6.451612903225806E-4
561	0.6931471805599453	0.3149932696723518	-0.5612426121316448	0.0	6.451612903225806E-4
563	0.6931471805599453	0.3149932696723518	-0.5612426121316448	0.0	6.451612903225806E-4
561 through to	0.6931471805599453	0.3149932696723518	-0.5612426121316448	0.0	6.451612903225806E-4
563 through	0.6931471805599453	0.3149932696723518	-0.5612426121316448	0.0	6.451612903225806E-4
566 and	0.6931471805599453	0.3149932696723518	-0.5612426121316448	0.0	6.451612903225806E-4
566	0.6931471805599453	0.6302959629887825	-0.7939118105865303	0.0	0.0012903225806451613
566 and in	0.6931471805599453	0.3149932696723518	-0.5612426121316448	0.0	6.451612903225806E-4
566 shall	0.6931471805599453	0.3149932696723518	-0.5612426121316448	0.0	6.451612903225806E-4
566 shall apply	0.6931471805599453	0.3149932696723518	-0.5612426121316448	0.0	6.451612903225806E-4
563 through to	0.6931471805599453	0.3149932696723518	-0.5612426121316448	0.0	6.451612903225806E-4
