594	0.6931471805599453	0.3149932696723518	-0.5612426121316448	0.0	6.451612903225806E-4
591 which	0.6931471805599453	0.3149932696723518	-0.5612426121316448	0.0	6.451612903225806E-4
597	0.6931471805599453	0.3149932696723518	-0.5612426121316448	0.0	6.451612903225806E-4
598	0.6931471805599453	0.3149932696723518	-0.5612426121316448	0.0	6.451612903225806E-4
597 and article	0.6931471805599453	0.3149932696723518	-0.5612426121316448	0.0	6.451612903225806E-4
594 paragraph 1	0.6931471805599453	0.3149932696723518	-0.5612426121316448	0.0	6.451612903225806E-4
598 shall	0.6931471805599453	0.3149932696723518	-0.5612426121316448	0.0	6.451612903225806E-4
591	0.6931471805599453	0.3149932696723518	-0.5612426121316448	0.0	6.451612903225806E-4
591 which shall	0.6931471805599453	0.3149932696723518	-0.5612426121316448	0.0	6.451612903225806E-4
598 shall apply	0.6931471805599453	0.3149932696723518	-0.5612426121316448	0.0	6.451612903225806E-4
594 paragraph	0.6931471805599453	0.3149932696723518	-0.5612426121316448	0.0	6.451612903225806E-4
597 and	0.6931471805599453	0.3149932696723518	-0.5612426121316448	0.0	6.451612903225806E-4
