624 shall apply	0.6931471805599453	0.3149932696723518	-0.5612426121316448	0.0	6.451612903225806E-4
620	0.6931471805599453	0.9459085361020845	-0.9725782930448759	0.0	0.001935483870967742
620 shall	0.6931471805599453	0.9459085361020845	-0.9725782930448759	0.0	0.001935483870967742
624 1 shall	0.6931471805599453	0.3149932696723518	-0.5612426121316448	0.0	6.451612903225806E-4
620 shall apply	0.6931471805599453	0.9459085361020845	-0.9725782930448759	0.0	0.001935483870967742
624	0.6931471805599453	0.6302959629887825	-0.7939118105865303	0.0	0.0012903225806451613
624 1	0.6931471805599453	0.3149932696723518	-0.5612426121316448	0.0	6.451612903225806E-4
624 shall	0.6931471805599453	0.3149932696723518	-0.5612426121316448	0.0	6.451612903225806E-4
627 even	0.6931471805599453	0.3149932696723518	-0.5612426121316448	0.0	6.451612903225806E-4
627	0.6931471805599453	0.6302959629887825	-0.7939118105865303	0.0	0.0012903225806451613
627 even if	0.6931471805599453	0.3149932696723518	-0.5612426121316448	0.0	6.451612903225806E-4
