63 or paragraph	1.0986122886681098	3.1777887764874415	1.7826353459099373	0.0020491803278688526	0.0
634 or	0.6931471805599453	0.3149932696723518	-0.5612426121316448	0.0	6.451612903225806E-4
634 within one	0.6931471805599453	0.3149932696723518	-0.5612426121316448	0.0	6.451612903225806E-4
634 within	0.6931471805599453	0.3149932696723518	-0.5612426121316448	0.0	6.451612903225806E-4
637 and paragraph	0.6931471805599453	0.3149932696723518	-0.5612426121316448	0.0	6.451612903225806E-4
635 the contractor	0.6931471805599453	0.3149932696723518	-0.5612426121316448	0.0	6.451612903225806E-4
63 or	1.0986122886681098	3.1777887764874415	1.7826353459099373	0.0020491803278688526	0.0
634	0.6931471805599453	0.6302959629887825	-0.7939118105865303	0.0	0.0012903225806451613
635	0.6931471805599453	0.3149932696723518	-0.5612426121316448	0.0	6.451612903225806E-4
637	0.6931471805599453	0.3149932696723518	-0.5612426121316448	0.0	6.451612903225806E-4
635 the	0.6931471805599453	0.3149932696723518	-0.5612426121316448	0.0	6.451612903225806E-4
634 or article	0.6931471805599453	0.3149932696723518	-0.5612426121316448	0.0	6.451612903225806E-4
63	1.0986122886681098	3.1777887764874415	1.7826353459099373	0.0020491803278688526	0.0
637 and	0.6931471805599453	0.3149932696723518	-0.5612426121316448	0.0	6.451612903225806E-4
