644 article	0.6931471805599453	1.5780651508179553	-1.2562106315494848	0.0	0.0032258064516129032
647 shall	0.6931471805599453	0.3149932696723518	-0.5612426121316448	0.0	6.451612903225806E-4
646 paragraph 1	0.6931471805599453	0.3149932696723518	-0.5612426121316448	0.0	6.451612903225806E-4
645 through to	0.6931471805599453	0.3149932696723518	-0.5612426121316448	0.0	6.451612903225806E-4
646 paragraph	0.6931471805599453	0.3149932696723518	-0.5612426121316448	0.0	6.451612903225806E-4
647 inclusive	0.6931471805599453	0.6302959629887825	-0.7939118105865303	0.0	0.0012903225806451613
646 paragraphs	0.6931471805599453	0.3149932696723518	-0.5612426121316448	0.0	6.451612903225806E-4
644 and	0.6931471805599453	0.3149932696723518	-0.5612426121316448	0.0	6.451612903225806E-4
644 and article	0.6931471805599453	0.3149932696723518	-0.5612426121316448	0.0	6.451612903225806E-4
644 article 654	0.6931471805599453	0.9459085361020845	-0.9725782930448759	0.0	0.001935483870967742
647 inclusive and	0.6931471805599453	0.6302959629887825	-0.7939118105865303	0.0	0.0012903225806451613
645 article	0.6931471805599453	0.6302959629887825	-0.7939118105865303	0.0	0.0012903225806451613
645 to	0.6931471805599453	0.3149932696723518	-0.5612426121316448	0.0	6.451612903225806E-4
646 to article	0.6931471805599453	0.6302959629887825	-0.7939118105865303	0.0	0.0012903225806451613
645 through	0.6931471805599453	0.3149932696723518	-0.5612426121316448	0.0	6.451612903225806E-4
647 shall apply	0.6931471805599453	0.3149932696723518	-0.5612426121316448	0.0	6.451612903225806E-4
648 shall apply	0.6931471805599453	0.3149932696723518	-0.5612426121316448	0.0	6.451612903225806E-4
648 shall	0.6931471805599453	0.3149932696723518	-0.5612426121316448	0.0	6.451612903225806E-4
645 article 646	0.6931471805599453	0.6302959629887825	-0.7939118105865303	0.0	0.0012903225806451613
644	0.6931471805599453	2.211466781023173	-1.4871001247472118	0.0	0.004516129032258065
645	0.6931471805599453	1.2618314460621054	-1.1233127107186607	0.0	0.0025806451612903226
644 to 647	0.6931471805599453	0.3149932696723518	-0.5612426121316448	0.0	6.451612903225806E-4
646	0.6931471805599453	1.2618314460621054	-1.1233127107186607	0.0	0.0025806451612903226
646 to	0.6931471805599453	0.6302959629887825	-0.7939118105865303	0.0	0.0012903225806451613
647	0.6931471805599453	0.9459085361020845	-0.9725782930448759	0.0	0.001935483870967742
645 to 647	0.6931471805599453	0.3149932696723518	-0.5612426121316448	0.0	6.451612903225806E-4
648	0.6931471805599453	0.3149932696723518	-0.5612426121316448	0.0	6.451612903225806E-4
644 article 859-2	0.6931471805599453	0.6302959629887825	-0.7939118105865303	0.0	0.0012903225806451613
646 paragraphs 1	0.6931471805599453	0.3149932696723518	-0.5612426121316448	0.0	6.451612903225806E-4
644 to	0.6931471805599453	0.3149932696723518	-0.5612426121316448	0.0	6.451612903225806E-4
