654 and	0.6931471805599453	0.9459085361020845	-0.9725782930448759	0.0	0.001935483870967742
650 paragraphs	0.6931471805599453	0.3149932696723518	-0.5612426121316448	0.0	6.451612903225806E-4
650 shall	0.6931471805599453	1.2618314460621054	-1.1233127107186607	0.0	0.0025806451612903226
655 paragraph	0.6931471805599453	0.6302959629887825	-0.7939118105865303	0.0	0.0012903225806451613
655 article 870	0.6931471805599453	0.6302959629887825	-0.7939118105865303	0.0	0.0012903225806451613
650 paragraph 2	0.6931471805599453	0.3149932696723518	-0.5612426121316448	0.0	6.451612903225806E-4
650 paragraphs 2	0.6931471805599453	0.3149932696723518	-0.5612426121316448	0.0	6.451612903225806E-4
654 article 655	0.6931471805599453	1.5780651508179553	-1.2562106315494848	0.0	0.0032258064516129032
655 article 844	0.6931471805599453	0.3149932696723518	-0.5612426121316448	0.0	6.451612903225806E-4
650	0.6931471805599453	2.211466781023173	-1.4871001247472118	0.0	0.004516129032258065
655 paragraph 4	0.6931471805599453	0.6302959629887825	-0.7939118105865303	0.0	0.0012903225806451613
650 excluding	0.6931471805599453	0.3149932696723518	-0.5612426121316448	0.0	6.451612903225806E-4
650 excluding paragraph	0.6931471805599453	0.3149932696723518	-0.5612426121316448	0.0	6.451612903225806E-4
650 shall apply	0.6931471805599453	1.2618314460621054	-1.1233127107186607	0.0	0.0025806451612903226
654	0.6931471805599453	2.5286356268870174	-1.5901684272073249	0.0	0.005161290322580645
650 paragraph	0.6931471805599453	0.3149932696723518	-0.5612426121316448	0.0	6.451612903225806E-4
655	0.6931471805599453	2.5286356268870174	-1.5901684272073249	0.0	0.005161290322580645
654 and article	0.6931471805599453	0.9459085361020845	-0.9725782930448759	0.0	0.001935483870967742
655 article	0.6931471805599453	0.9459085361020845	-0.9725782930448759	0.0	0.001935483870967742
655 shall	0.6931471805599453	0.9459085361020845	-0.9725782930448759	0.0	0.001935483870967742
654 article	0.6931471805599453	1.5780651508179553	-1.2562106315494848	0.0	0.0032258064516129032
655 shall apply	0.6931471805599453	0.9459085361020845	-0.9725782930448759	0.0	0.001935483870967742
