714 paragraph	0.6931471805599453	0.3149932696723518	-0.5612426121316448	0.0	6.451612903225806E-4
715 paragraph	0.6931471805599453	0.6302959629887825	-0.7939118105865303	0.0	0.0012903225806451613
715 paragraph 2	0.6931471805599453	0.3149932696723518	-0.5612426121316448	0.0	6.451612903225806E-4
714 paragraph 1	0.6931471805599453	0.3149932696723518	-0.5612426121316448	0.0	6.451612903225806E-4
715 paragraph 1	0.6931471805599453	0.3149932696723518	-0.5612426121316448	0.0	6.451612903225806E-4
717 paragraph 1	0.6931471805599453	0.3149932696723518	-0.5612426121316448	0.0	6.451612903225806E-4
714	0.6931471805599453	0.3149932696723518	-0.5612426121316448	0.0	6.451612903225806E-4
715	0.6931471805599453	0.6302959629887825	-0.7939118105865303	0.0	0.0012903225806451613
717 paragraph	0.6931471805599453	0.3149932696723518	-0.5612426121316448	0.0	6.451612903225806E-4
717	0.6931471805599453	0.3149932696723518	-0.5612426121316448	0.0	6.451612903225806E-4
