728 or article	0.6931471805599453	0.3149932696723518	-0.5612426121316448	0.0	6.451612903225806E-4
728 or	0.6931471805599453	0.3149932696723518	-0.5612426121316448	0.0	6.451612903225806E-4
728 articles	0.6931471805599453	0.3149932696723518	-0.5612426121316448	0.0	6.451612903225806E-4
724 shall	0.6931471805599453	0.3149932696723518	-0.5612426121316448	0.0	6.451612903225806E-4
724	0.6931471805599453	0.3149932696723518	-0.5612426121316448	0.0	6.451612903225806E-4
729 an adopted	0.6931471805599453	0.3149932696723518	-0.5612426121316448	0.0	6.451612903225806E-4
729 an	0.6931471805599453	0.3149932696723518	-0.5612426121316448	0.0	6.451612903225806E-4
724 shall apply	0.6931471805599453	0.3149932696723518	-0.5612426121316448	0.0	6.451612903225806E-4
728	0.6931471805599453	0.9459085361020845	-0.9725782930448759	0.0	0.001935483870967742
728 articles 766	0.6931471805599453	0.3149932696723518	-0.5612426121316448	0.0	6.451612903225806E-4
729	0.6931471805599453	0.3149932696723518	-0.5612426121316448	0.0	6.451612903225806E-4
