733 may	0.6931471805599453	0.3149932696723518	-0.5612426121316448	0.0	6.451612903225806E-4
736 inclusive provided	0.6931471805599453	0.3149932696723518	-0.5612426121316448	0.0	6.451612903225806E-4
738 739 and	0.6931471805599453	0.3149932696723518	-0.5612426121316448	0.0	6.451612903225806E-4
731 may not	0.6931471805599453	0.3149932696723518	-0.5612426121316448	0.0	6.451612903225806E-4
73 of	1.0986122886681098	3.1777887764874415	1.7826353459099373	0.0020491803278688526	0.0
733 if	0.6931471805599453	0.6302959629887825	-0.7939118105865303	0.0	0.0012903225806451613
739 and 747	0.6931471805599453	0.3149932696723518	-0.5612426121316448	0.0	6.451612903225806E-4
731 to 736	0.6931471805599453	0.3149932696723518	-0.5612426121316448	0.0	6.451612903225806E-4
738 and article	0.6931471805599453	0.3149932696723518	-0.5612426121316448	0.0	6.451612903225806E-4
738 article	0.6931471805599453	0.3149932696723518	-0.5612426121316448	0.0	6.451612903225806E-4
731 to 737	0.6931471805599453	0.3149932696723518	-0.5612426121316448	0.0	6.451612903225806E-4
739 applied mutatis	0.6931471805599453	1.2618314460621054	-1.1233127107186607	0.0	0.0025806451612903226
739 shall apply	0.6931471805599453	0.3149932696723518	-0.5612426121316448	0.0	6.451612903225806E-4
739 and article	0.6931471805599453	0.3149932696723518	-0.5612426121316448	0.0	6.451612903225806E-4
737 inclusive	0.6931471805599453	0.3149932696723518	-0.5612426121316448	0.0	6.451612903225806E-4
731	0.6931471805599453	0.9459085361020845	-0.9725782930448759	0.0	0.001935483870967742
732	0.6931471805599453	0.3149932696723518	-0.5612426121316448	0.0	6.451612903225806E-4
733	0.6931471805599453	0.9459085361020845	-0.9725782930448759	0.0	0.001935483870967742
731 may	0.6931471805599453	0.3149932696723518	-0.5612426121316448	0.0	6.451612903225806E-4
732 or article	0.6931471805599453	0.3149932696723518	-0.5612426121316448	0.0	6.451612903225806E-4
736	0.6931471805599453	0.3149932696723518	-0.5612426121316448	0.0	6.451612903225806E-4
739 shall	0.6931471805599453	0.3149932696723518	-0.5612426121316448	0.0	6.451612903225806E-4
737	0.6931471805599453	0.3149932696723518	-0.5612426121316448	0.0	6.451612903225806E-4
73	1.0986122886681098	3.1777887764874415	1.7826353459099373	0.0020491803278688526	0.0
738	0.6931471805599453	0.9459085361020845	-0.9725782930448759	0.0	0.001935483870967742
739	0.6931471805599453	2.5286356268870174	-1.5901684272073249	0.0	0.005161290322580645
73 of 2006	1.0986122886681098	3.1777887764874415	1.7826353459099373	0.0020491803278688526	0.0
739 applied	0.6931471805599453	1.2618314460621054	-1.1233127107186607	0.0	0.0025806451612903226
736 inclusive	0.6931471805599453	0.3149932696723518	-0.5612426121316448	0.0	6.451612903225806E-4
739 and	0.6931471805599453	0.6302959629887825	-0.7939118105865303	0.0	0.0012903225806451613
731 to	0.6931471805599453	0.6302959629887825	-0.7939118105865303	0.0	0.0012903225806451613
733 may claim	0.6931471805599453	0.3149932696723518	-0.5612426121316448	0.0	6.451612903225806E-4
732 or	0.6931471805599453	0.3149932696723518	-0.5612426121316448	0.0	6.451612903225806E-4
733 if six	0.6931471805599453	0.3149932696723518	-0.5612426121316448	0.0	6.451612903225806E-4
733 if the	0.6931471805599453	0.3149932696723518	-0.5612426121316448	0.0	6.451612903225806E-4
738 and	0.6931471805599453	0.3149932696723518	-0.5612426121316448	0.0	6.451612903225806E-4
738 article 739	0.6931471805599453	0.3149932696723518	-0.5612426121316448	0.0	6.451612903225806E-4
737 inclusive the	0.6931471805599453	0.3149932696723518	-0.5612426121316448	0.0	6.451612903225806E-4
738 739	0.6931471805599453	0.3149932696723518	-0.5612426121316448	0.0	6.451612903225806E-4
