748 shall apply	0.6931471805599453	0.3149932696723518	-0.5612426121316448	0.0	6.451612903225806E-4
747 shall apply	0.6931471805599453	0.6302959629887825	-0.7939118105865303	0.0	0.0012903225806451613
748 shall	0.6931471805599453	0.3149932696723518	-0.5612426121316448	0.0	6.451612903225806E-4
744 to	0.6931471805599453	0.3149932696723518	-0.5612426121316448	0.0	6.451612903225806E-4
744 to 747	0.6931471805599453	0.3149932696723518	-0.5612426121316448	0.0	6.451612903225806E-4
747 shall	0.6931471805599453	0.9459085361020845	-0.9725782930448759	0.0	0.001935483870967742
747 shall be	0.6931471805599453	0.6302959629887825	-0.7939118105865303	0.0	0.0012903225806451613
744	0.6931471805599453	0.3149932696723518	-0.5612426121316448	0.0	6.451612903225806E-4
747 and	0.6931471805599453	0.3149932696723518	-0.5612426121316448	0.0	6.451612903225806E-4
747	0.6931471805599453	1.2618314460621054	-1.1233127107186607	0.0	0.0025806451612903226
748	0.6931471805599453	0.3149932696723518	-0.5612426121316448	0.0	6.451612903225806E-4
747 inclusive	0.6931471805599453	0.3149932696723518	-0.5612426121316448	0.0	6.451612903225806E-4
747 and article	0.6931471805599453	0.3149932696723518	-0.5612426121316448	0.0	6.451612903225806E-4
