769 inclusive	0.6931471805599453	0.6302959629887825	-0.7939118105865303	0.0	0.0012903225806451613
769 shall apply	0.6931471805599453	0.6302959629887825	-0.7939118105865303	0.0	0.0012903225806451613
766 to 769	0.6931471805599453	0.6302959629887825	-0.7939118105865303	0.0	0.0012903225806451613
766 shall	0.6931471805599453	0.3149932696723518	-0.5612426121316448	0.0	6.451612903225806E-4
766 to	0.6931471805599453	0.6302959629887825	-0.7939118105865303	0.0	0.0012903225806451613
769 shall	0.6931471805599453	0.6302959629887825	-0.7939118105865303	0.0	0.0012903225806451613
766	0.6931471805599453	1.2618314460621054	-1.1233127107186607	0.0	0.0025806451612903226
766 a	0.6931471805599453	0.3149932696723518	-0.5612426121316448	0.0	6.451612903225806E-4
769 inclusive the	0.6931471805599453	0.3149932696723518	-0.5612426121316448	0.0	6.451612903225806E-4
766 shall apply	0.6931471805599453	0.3149932696723518	-0.5612426121316448	0.0	6.451612903225806E-4
769	0.6931471805599453	1.5780651508179553	-1.2562106315494848	0.0	0.0032258064516129032
769 and article	0.6931471805599453	0.3149932696723518	-0.5612426121316448	0.0	6.451612903225806E-4
769 and	0.6931471805599453	0.3149932696723518	-0.5612426121316448	0.0	6.451612903225806E-4
769 inclusive shall	0.6931471805599453	0.3149932696723518	-0.5612426121316448	0.0	6.451612903225806E-4
766 a legal	0.6931471805599453	0.3149932696723518	-0.5612426121316448	0.0	6.451612903225806E-4
