797 provided	0.6931471805599453	0.3149932696723518	-0.5612426121316448	0.0	6.451612903225806E-4
794 provided	0.6931471805599453	0.3149932696723518	-0.5612426121316448	0.0	6.451612903225806E-4
790 and paragraphs	0.6931471805599453	0.3149932696723518	-0.5612426121316448	0.0	6.451612903225806E-4
799 inclusive or	0.6931471805599453	0.3149932696723518	-0.5612426121316448	0.0	6.451612903225806E-4
792 provided that	0.6931471805599453	0.3149932696723518	-0.5612426121316448	0.0	6.451612903225806E-4
790	0.6931471805599453	0.3149932696723518	-0.5612426121316448	0.0	6.451612903225806E-4
792	0.6931471805599453	0.6302959629887825	-0.7939118105865303	0.0	0.0012903225806451613
798 provided however	0.6931471805599453	0.3149932696723518	-0.5612426121316448	0.0	6.451612903225806E-4
793	0.6931471805599453	0.3149932696723518	-0.5612426121316448	0.0	6.451612903225806E-4
794	0.6931471805599453	0.6302959629887825	-0.7939118105865303	0.0	0.0012903225806451613
792 provided	0.6931471805599453	0.3149932696723518	-0.5612426121316448	0.0	6.451612903225806E-4
796	0.6931471805599453	0.6302959629887825	-0.7939118105865303	0.0	0.0012903225806451613
797	0.6931471805599453	0.6302959629887825	-0.7939118105865303	0.0	0.0012903225806451613
798	0.6931471805599453	0.6302959629887825	-0.7939118105865303	0.0	0.0012903225806451613
799	0.6931471805599453	0.9459085361020845	-0.9725782930448759	0.0	0.001935483870967742
794 and article	0.6931471805599453	0.3149932696723518	-0.5612426121316448	0.0	6.451612903225806E-4
797 made due	0.6931471805599453	0.3149932696723518	-0.5612426121316448	0.0	6.451612903225806E-4
794 provided however	0.6931471805599453	0.3149932696723518	-0.5612426121316448	0.0	6.451612903225806E-4
792 to	0.6931471805599453	0.3149932696723518	-0.5612426121316448	0.0	6.451612903225806E-4
796 provided that	0.6931471805599453	0.3149932696723518	-0.5612426121316448	0.0	6.451612903225806E-4
799 and	0.6931471805599453	0.3149932696723518	-0.5612426121316448	0.0	6.451612903225806E-4
792 to 799	0.6931471805599453	0.3149932696723518	-0.5612426121316448	0.0	6.451612903225806E-4
798 is	0.6931471805599453	0.3149932696723518	-0.5612426121316448	0.0	6.451612903225806E-4
796 provided	0.6931471805599453	0.3149932696723518	-0.5612426121316448	0.0	6.451612903225806E-4
790 and	0.6931471805599453	0.3149932696723518	-0.5612426121316448	0.0	6.451612903225806E-4
794 and	0.6931471805599453	0.3149932696723518	-0.5612426121316448	0.0	6.451612903225806E-4
796 by fraud	0.6931471805599453	0.3149932696723518	-0.5612426121316448	0.0	6.451612903225806E-4
797 made	0.6931471805599453	0.3149932696723518	-0.5612426121316448	0.0	6.451612903225806E-4
796 by	0.6931471805599453	0.3149932696723518	-0.5612426121316448	0.0	6.451612903225806E-4
798 provided	0.6931471805599453	0.3149932696723518	-0.5612426121316448	0.0	6.451612903225806E-4
799 inclusive	0.6931471805599453	0.3149932696723518	-0.5612426121316448	0.0	6.451612903225806E-4
798 is not	0.6931471805599453	0.3149932696723518	-0.5612426121316448	0.0	6.451612903225806E-4
797 provided that	0.6931471805599453	0.3149932696723518	-0.5612426121316448	0.0	6.451612903225806E-4
799 and the	0.6931471805599453	0.3149932696723518	-0.5612426121316448	0.0	6.451612903225806E-4
