817-2 shall be	0.6931471805599453	0.3149932696723518	-0.5612426121316448	0.0	6.451612903225806E-4
817-3 and	0.6931471805599453	0.3149932696723518	-0.5612426121316448	0.0	6.451612903225806E-4
811-2 or the	0.6931471805599453	0.3149932696723518	-0.5612426121316448	0.0	6.451612903225806E-4
811 and article	0.6931471805599453	0.3149932696723518	-0.5612426121316448	0.0	6.451612903225806E-4
811-2	0.6931471805599453	0.3149932696723518	-0.5612426121316448	0.0	6.451612903225806E-4
817-3 and his	0.6931471805599453	0.3149932696723518	-0.5612426121316448	0.0	6.451612903225806E-4
811 may bring	0.6931471805599453	0.3149932696723518	-0.5612426121316448	0.0	6.451612903225806E-4
811	0.6931471805599453	0.6302959629887825	-0.7939118105865303	0.0	0.0012903225806451613
819 shall	0.6931471805599453	0.3149932696723518	-0.5612426121316448	0.0	6.451612903225806E-4
816	0.6931471805599453	0.3149932696723518	-0.5612426121316448	0.0	6.451612903225806E-4
811 may	0.6931471805599453	0.3149932696723518	-0.5612426121316448	0.0	6.451612903225806E-4
817-2 provided	0.6931471805599453	0.3149932696723518	-0.5612426121316448	0.0	6.451612903225806E-4
819	0.6931471805599453	0.6302959629887825	-0.7939118105865303	0.0	0.0012903225806451613
819 shall apply	0.6931471805599453	0.3149932696723518	-0.5612426121316448	0.0	6.451612903225806E-4
819 or the	0.6931471805599453	0.3149932696723518	-0.5612426121316448	0.0	6.451612903225806E-4
811-2 or	0.6931471805599453	0.3149932696723518	-0.5612426121316448	0.0	6.451612903225806E-4
816 shall apply	0.6931471805599453	0.3149932696723518	-0.5612426121316448	0.0	6.451612903225806E-4
817-9	0.6931471805599453	0.6302959629887825	-0.7939118105865303	0.0	0.0012903225806451613
817-3	0.6931471805599453	0.3149932696723518	-0.5612426121316448	0.0	6.451612903225806E-4
816 shall	0.6931471805599453	0.3149932696723518	-0.5612426121316448	0.0	6.451612903225806E-4
817-2	0.6931471805599453	0.6302959629887825	-0.7939118105865303	0.0	0.0012903225806451613
811 and	0.6931471805599453	0.3149932696723518	-0.5612426121316448	0.0	6.451612903225806E-4
817-2 provided that	0.6931471805599453	0.3149932696723518	-0.5612426121316448	0.0	6.451612903225806E-4
817-2 shall	0.6931471805599453	0.3149932696723518	-0.5612426121316448	0.0	6.451612903225806E-4
819 or	0.6931471805599453	0.3149932696723518	-0.5612426121316448	0.0	6.451612903225806E-4
