824 shall	0.6931471805599453	0.9459085361020845	-0.9725782930448759	0.0	0.001935483870967742
823 inclusive	0.6931471805599453	0.3149932696723518	-0.5612426121316448	0.0	6.451612903225806E-4
820 to	0.6931471805599453	0.3149932696723518	-0.5612426121316448	0.0	6.451612903225806E-4
820 to 823	0.6931471805599453	0.3149932696723518	-0.5612426121316448	0.0	6.451612903225806E-4
820	0.6931471805599453	0.6302959629887825	-0.7939118105865303	0.0	0.0012903225806451613
823	0.6931471805599453	0.3149932696723518	-0.5612426121316448	0.0	6.451612903225806E-4
826 shall apply	0.6931471805599453	0.3149932696723518	-0.5612426121316448	0.0	6.451612903225806E-4
823 inclusive the	0.6931471805599453	0.3149932696723518	-0.5612426121316448	0.0	6.451612903225806E-4
824	0.6931471805599453	0.9459085361020845	-0.9725782930448759	0.0	0.001935483870967742
826 shall	0.6931471805599453	0.3149932696723518	-0.5612426121316448	0.0	6.451612903225806E-4
826	0.6931471805599453	0.3149932696723518	-0.5612426121316448	0.0	6.451612903225806E-4
824 shall apply	0.6931471805599453	0.9459085361020845	-0.9725782930448759	0.0	0.001935483870967742
